                  * c:\users\sreev\esim-workspace2\por\por.cir
                  Transient Analysis  Fri Nov 08 16:17:22  2024
--------------------------------------------------------------------------------
Index   time            v1#branch       v2#branch       v_u5#branch     
--------------------------------------------------------------------------------
0	0.000000e+00	1.085108e-11	-1.27050e-11	1.718394e-14	
1	3.000000e-06	1.085081e-11	-1.27046e-11	1.718394e-14	
2	6.000000e-06	1.085093e-11	-1.27047e-11	1.718393e-14	
3	1.200000e-05	1.085106e-11	-1.27050e-11	1.718393e-14	
4	2.400000e-05	1.085109e-11	-1.27050e-11	1.718393e-14	
5	4.800000e-05	1.085108e-11	-1.27050e-11	1.718393e-14	
6	9.600000e-05	1.085109e-11	-1.27050e-11	1.718393e-14	
7	1.920000e-04	1.085108e-11	-1.27050e-11	1.718393e-14	
8	3.840000e-04	1.085109e-11	-1.27050e-11	1.718393e-14	
9	7.680000e-04	1.085108e-11	-1.27050e-11	1.718393e-14	
10	1.368000e-03	1.085109e-11	-1.27050e-11	1.718393e-14	
11	1.968000e-03	1.085108e-11	-1.27050e-11	1.718393e-14	
12	2.568000e-03	1.085109e-11	-1.27050e-11	1.718393e-14	
13	3.168000e-03	1.085108e-11	-1.27050e-11	1.718393e-14	
14	3.768000e-03	1.085109e-11	-1.27050e-11	1.718393e-14	
15	4.368000e-03	1.085108e-11	-1.27050e-11	1.718393e-14	
16	4.968000e-03	1.085109e-11	-1.27050e-11	1.718393e-14	
17	5.568000e-03	1.085108e-11	-1.27050e-11	1.718394e-14	
18	6.168000e-03	1.085109e-11	-1.27050e-11	1.718393e-14	
19	6.768000e-03	1.085108e-11	-1.27050e-11	1.718394e-14	
20	7.000000e-03	1.085109e-11	-1.27050e-11	1.718393e-14	
21	7.010000e-03	-1.76809e-11	9.246988e-12	1.723638e-14	
22	7.030000e-03	-1.91974e-11	1.229233e-11	1.730650e-14	
23	7.070000e-03	-4.86282e-09	4.847624e-09	1.734494e-14	
24	7.100000e-03	-1.60684e-06	1.606779e-06	1.736596e-14	
25	7.108000e-03	-1.60746e-06	1.607455e-06	1.734100e-14	
26	7.124000e-03	-1.60746e-06	1.607460e-06	1.727025e-14	
27	7.156000e-03	-1.60746e-06	1.607455e-06	1.716896e-14	
28	7.220000e-03	-1.60746e-06	1.607457e-06	1.699365e-14	
29	7.348000e-03	-1.60746e-06	1.607455e-06	1.675711e-14	
30	7.604000e-03	-1.60746e-06	1.607457e-06	1.648442e-14	
31	8.116000e-03	-1.60746e-06	1.607455e-06	1.647193e-14	
32	8.716000e-03	-1.60746e-06	1.607457e-06	1.647730e-14	
33	9.316000e-03	-1.60746e-06	1.607455e-06	1.655824e-14	
34	9.916000e-03	-1.60746e-06	1.607457e-06	1.660397e-14	
35	1.051600e-02	-1.60746e-06	1.607455e-06	1.664570e-14	
36	1.111600e-02	-1.60746e-06	1.607457e-06	1.665100e-14	
37	1.171600e-02	-1.60746e-06	1.607455e-06	1.667100e-14	
38	1.231600e-02	-1.60746e-06	1.607457e-06	1.666477e-14	
39	1.291600e-02	-1.60746e-06	1.607455e-06	1.667861e-14	
40	1.351600e-02	-1.60746e-06	1.607457e-06	1.666907e-14	
41	1.411600e-02	-1.60746e-06	1.607455e-06	1.668109e-14	
42	1.471600e-02	-1.60746e-06	1.607457e-06	1.667054e-14	
43	1.531600e-02	-1.60746e-06	1.607455e-06	1.668200e-14	
44	1.591600e-02	-1.60746e-06	1.607457e-06	1.667112e-14	
45	1.651600e-02	-1.60746e-06	1.607455e-06	1.668238e-14	
46	1.711600e-02	-1.60746e-06	1.607457e-06	1.667138e-14	
47	1.771600e-02	-1.60746e-06	1.607455e-06	1.668256e-14	
48	1.831600e-02	-1.60746e-06	1.607457e-06	1.667151e-14	
49	1.891600e-02	-1.60746e-06	1.607455e-06	1.668266e-14	
50	1.951600e-02	-1.60746e-06	1.607457e-06	1.667158e-14	
51	2.011600e-02	-1.60746e-06	1.607455e-06	1.668271e-14	
52	2.071600e-02	-1.60746e-06	1.607457e-06	1.667162e-14	
53	2.131600e-02	-1.60746e-06	1.607455e-06	1.668273e-14	
54	2.191600e-02	-1.60746e-06	1.607457e-06	1.667165e-14	

Index   time            v1#branch       v2#branch       v_u5#branch     
--------------------------------------------------------------------------------
55	2.210000e-02	-1.60746e-06	1.607455e-06	1.668274e-14	
56	2.211000e-02	-3.69316e-07	3.693610e-07	1.669305e-14	
57	2.213000e-02	-4.75372e-09	4.766693e-09	1.660681e-14	
58	2.217000e-02	3.099380e-11	-3.03298e-11	1.644650e-14	
59	2.220000e-02	4.726867e-11	-4.53489e-11	1.634709e-14	
60	2.220800e-02	1.187722e-11	-1.89251e-11	1.697172e-14	
61	2.222400e-02	1.174902e-11	-1.18849e-11	1.797721e-14	
62	2.225600e-02	1.004214e-11	-1.34204e-11	1.767290e-14	
63	2.232000e-02	1.201981e-11	-1.24219e-11	1.790310e-14	
64	2.244800e-02	9.703290e-12	-1.29787e-11	1.756535e-14	
65	2.270400e-02	1.207804e-11	-1.25256e-11	1.770898e-14	
66	2.321600e-02	9.612379e-12	-1.28660e-11	1.728309e-14	
67	2.381600e-02	1.209692e-11	-1.25570e-11	1.743659e-14	
68	2.441600e-02	9.596740e-12	-1.28390e-11	1.711967e-14	
69	2.501600e-02	1.211362e-11	-1.25847e-11	1.734967e-14	
70	2.561600e-02	9.580221e-12	-1.28116e-11	1.707445e-14	
71	2.621600e-02	1.213004e-11	-1.26116e-11	1.732452e-14	
72	2.681600e-02	9.563946e-12	-1.27851e-11	1.706169e-14	
73	2.741600e-02	1.214622e-11	-1.26378e-11	1.731660e-14	
74	2.801600e-02	9.547900e-12	-1.27592e-11	1.705808e-14	
75	2.861600e-02	1.216218e-11	-1.26633e-11	1.731366e-14	
76	2.921600e-02	9.532076e-12	-1.27341e-11	1.705717e-14	
77	2.950000e-02	1.218466e-11	-1.27009e-11	1.731327e-14	
78	2.951000e-02	-1.77671e-11	9.324573e-12	1.724530e-14	
79	2.953000e-02	-1.91242e-11	1.227513e-11	1.731128e-14	
80	2.957000e-02	-4.86290e-09	4.847644e-09	1.734772e-14	
81	2.960000e-02	-1.60684e-06	1.606779e-06	1.736992e-14	
82	2.960800e-02	-1.60746e-06	1.607455e-06	1.734396e-14	
83	2.962400e-02	-1.60746e-06	1.607460e-06	1.727305e-14	
84	2.965600e-02	-1.60746e-06	1.607455e-06	1.717127e-14	
85	2.972000e-02	-1.60746e-06	1.607457e-06	1.699556e-14	
86	2.984800e-02	-1.60746e-06	1.607455e-06	1.675859e-14	
87	3.000000e-02	-1.60746e-06	1.607457e-06	1.656565e-14	

                  * c:\users\sreev\esim-workspace2\por\por.cir
                  Transient Analysis  Fri Nov 08 16:17:22  2024
--------------------------------------------------------------------------------
Index   time            v_u6#branch     
--------------------------------------------------------------------------------
0	0.000000e+00	5.187871e-13	
1	3.000000e-06	5.187871e-13	
2	6.000000e-06	5.187871e-13	
3	1.200000e-05	5.187871e-13	
4	2.400000e-05	5.187871e-13	
5	4.800000e-05	5.187871e-13	
6	9.600000e-05	5.187871e-13	
7	1.920000e-04	5.187871e-13	
8	3.840000e-04	5.187871e-13	
9	7.680000e-04	5.187871e-13	
10	1.368000e-03	5.187871e-13	
11	1.968000e-03	5.187871e-13	
12	2.568000e-03	5.187871e-13	
13	3.168000e-03	5.187871e-13	
14	3.768000e-03	5.187871e-13	
15	4.368000e-03	5.187871e-13	
16	4.968000e-03	5.187871e-13	
17	5.568000e-03	5.187871e-13	
18	6.168000e-03	5.187871e-13	
19	6.768000e-03	5.187871e-13	
20	7.000000e-03	5.187871e-13	
21	7.010000e-03	3.997176e-12	
22	7.030000e-03	3.467396e-12	
23	7.070000e-03	1.113942e-11	
24	7.100000e-03	5.960891e-11	
25	7.108000e-03	5.760986e-13	
26	7.124000e-03	4.618361e-13	
27	7.156000e-03	5.755531e-13	
28	7.220000e-03	4.620592e-13	
29	7.348000e-03	5.754955e-13	
30	7.604000e-03	4.620883e-13	
31	8.116000e-03	5.754819e-13	
32	8.716000e-03	4.620960e-13	
33	9.316000e-03	5.754695e-13	
34	9.916000e-03	4.620982e-13	
35	1.051600e-02	5.754550e-13	
36	1.111600e-02	4.621006e-13	
37	1.171600e-02	5.754419e-13	
38	1.231600e-02	4.621047e-13	
39	1.291600e-02	5.754305e-13	
40	1.351600e-02	4.621103e-13	
41	1.411600e-02	5.754204e-13	
42	1.471600e-02	4.621169e-13	
43	1.531600e-02	5.754111e-13	
44	1.591600e-02	4.621242e-13	
45	1.651600e-02	5.754023e-13	
46	1.711600e-02	4.621319e-13	
47	1.771600e-02	5.753937e-13	
48	1.831600e-02	4.621397e-13	
49	1.891600e-02	5.753853e-13	
50	1.951600e-02	4.621477e-13	
51	2.011600e-02	5.753770e-13	
52	2.071600e-02	4.621557e-13	
53	2.131600e-02	5.753688e-13	
54	2.191600e-02	4.621638e-13	

Index   time            v_u6#branch     
--------------------------------------------------------------------------------
55	2.210000e-02	5.753514e-13	
56	2.211000e-02	-4.51188e-11	
57	2.213000e-02	-1.28050e-11	
58	2.217000e-02	2.674583e-13	
59	2.220000e-02	-5.83256e-12	
60	2.220800e-02	5.151447e-13	
61	2.222400e-02	5.223793e-13	
62	2.225600e-02	5.151542e-13	
63	2.232000e-02	5.223744e-13	
64	2.244800e-02	5.151550e-13	
65	2.270400e-02	5.223719e-13	
66	2.321600e-02	5.151558e-13	
67	2.381600e-02	5.223753e-13	
68	2.441600e-02	5.151624e-13	
69	2.501600e-02	5.223818e-13	
70	2.561600e-02	5.151688e-13	
71	2.621600e-02	5.223866e-13	
72	2.681600e-02	5.151733e-13	
73	2.741600e-02	5.223897e-13	
74	2.801600e-02	5.151762e-13	
75	2.861600e-02	5.223914e-13	
76	2.921600e-02	5.151780e-13	
77	2.950000e-02	5.223919e-13	
78	2.951000e-02	3.997177e-12	
79	2.953000e-02	3.467392e-12	
80	2.957000e-02	1.113942e-11	
81	2.960000e-02	5.960890e-11	
82	2.960800e-02	5.760968e-13	
83	2.962400e-02	4.618343e-13	
84	2.965600e-02	5.755513e-13	
85	2.972000e-02	4.620575e-13	
86	2.984800e-02	5.754939e-13	
87	3.000000e-02	4.620932e-13	
