                  * c:\users\sreev\esim-workspace2\por\por.cir
                  Transient Analysis  Fri Nov 08 16:17:22  2024
--------------------------------------------------------------------------------
Index   time            i_nm1_          iref            m.xsc1.msky130_ 
--------------------------------------------------------------------------------
0	0.000000e+00	4.962502e-07	7.977790e-03	5.000000e-01	
1	3.000000e-06	4.962502e-07	7.977790e-03	5.000000e-01	
2	6.000000e-06	4.962502e-07	7.977790e-03	5.000000e-01	
3	1.200000e-05	4.962502e-07	7.977790e-03	5.000000e-01	
4	2.400000e-05	4.962502e-07	7.977790e-03	5.000000e-01	
5	4.800000e-05	4.962502e-07	7.977790e-03	5.000000e-01	
6	9.600000e-05	4.962502e-07	7.977790e-03	5.000000e-01	
7	1.920000e-04	4.962502e-07	7.977789e-03	5.000000e-01	
8	3.840000e-04	4.962502e-07	7.977789e-03	5.000000e-01	
9	7.680000e-04	4.962502e-07	7.977789e-03	5.000000e-01	
10	1.368000e-03	4.962502e-07	7.977788e-03	5.000000e-01	
11	1.968000e-03	4.962502e-07	7.977788e-03	5.000000e-01	
12	2.568000e-03	4.962502e-07	7.977788e-03	5.000000e-01	
13	3.168000e-03	4.962502e-07	7.977788e-03	5.000000e-01	
14	3.768000e-03	4.962502e-07	7.977788e-03	5.000000e-01	
15	4.368000e-03	4.962502e-07	7.977788e-03	5.000000e-01	
16	4.968000e-03	4.962502e-07	7.977788e-03	5.000000e-01	
17	5.568000e-03	4.962502e-07	7.977788e-03	5.000000e-01	
18	6.168000e-03	4.962502e-07	7.977788e-03	5.000000e-01	
19	6.768000e-03	4.962502e-07	7.977788e-03	5.000000e-01	
20	7.000000e-03	4.962502e-07	7.977788e-03	5.000000e-01	
21	7.010000e-03	3.822666e-06	7.977897e-03	5.000000e-01	
22	7.030000e-03	3.317463e-06	7.978252e-03	5.000000e-01	
23	7.070000e-03	1.065366e-05	7.979399e-03	5.000000e-01	
24	7.100000e-03	5.702954e-05	7.980456e-03	5.000000e-01	
25	7.108000e-03	5.724968e-07	7.980661e-03	5.000000e-01	
26	7.124000e-03	2.137602e-07	7.981036e-03	5.000000e-01	
27	7.156000e-03	5.717635e-07	7.981220e-03	5.000000e-01	
28	7.220000e-03	4.208170e-07	7.979794e-03	5.000000e-01	
29	7.348000e-03	5.716469e-07	7.971828e-03	5.000000e-01	
30	7.604000e-03	4.208617e-07	7.944660e-03	5.000000e-01	
31	8.116000e-03	5.716285e-07	7.885678e-03	5.000000e-01	
32	8.716000e-03	4.208734e-07	7.831859e-03	5.000000e-01	
33	9.316000e-03	5.716149e-07	7.795795e-03	5.000000e-01	
34	9.916000e-03	4.208788e-07	7.775271e-03	5.000000e-01	
35	1.051600e-02	5.715980e-07	7.764357e-03	5.000000e-01	
36	1.111600e-02	4.208840e-07	7.758531e-03	5.000000e-01	
37	1.171600e-02	5.715824e-07	7.755394e-03	5.000000e-01	
38	1.231600e-02	4.208910e-07	7.753685e-03	5.000000e-01	
39	1.291600e-02	5.715685e-07	7.752739e-03	5.000000e-01	
40	1.351600e-02	4.208994e-07	7.752205e-03	5.000000e-01	
41	1.411600e-02	5.715558e-07	7.751895e-03	5.000000e-01	
42	1.471600e-02	4.209088e-07	7.751711e-03	5.000000e-01	
43	1.531600e-02	5.715438e-07	7.751597e-03	5.000000e-01	
44	1.591600e-02	4.209188e-07	7.751524e-03	5.000000e-01	
45	1.651600e-02	5.715323e-07	7.751476e-03	5.000000e-01	
46	1.711600e-02	4.209292e-07	7.751443e-03	5.000000e-01	
47	1.771600e-02	5.715211e-07	7.751420e-03	5.000000e-01	
48	1.831600e-02	4.209397e-07	7.751404e-03	5.000000e-01	
49	1.891600e-02	5.715100e-07	7.751392e-03	5.000000e-01	
50	1.951600e-02	4.209504e-07	7.751383e-03	5.000000e-01	
51	2.011600e-02	5.714991e-07	7.751377e-03	5.000000e-01	
52	2.071600e-02	4.209612e-07	7.751372e-03	5.000000e-01	
53	2.131600e-02	5.714882e-07	7.751368e-03	5.000000e-01	
54	2.191600e-02	4.209719e-07	7.751365e-03	5.000000e-01	

Index   time            i_nm1_          iref            m.xsc1.msky130_ 
--------------------------------------------------------------------------------
55	2.210000e-02	5.714656e-07	7.751365e-03	5.000000e-01	
56	2.211000e-02	-4.31218e-05	7.751365e-03	5.000000e-01	
57	2.213000e-02	-1.24847e-05	7.751277e-03	5.000000e-01	
58	2.217000e-02	2.399037e-07	7.750066e-03	5.000000e-01	
59	2.220000e-02	-5.58826e-06	7.748370e-03	5.000000e-01	
60	2.220800e-02	4.915369e-07	7.747716e-03	5.000000e-01	
61	2.222400e-02	5.009118e-07	7.749193e-03	5.000000e-01	
62	2.225600e-02	4.915513e-07	7.756688e-03	5.000000e-01	
63	2.232000e-02	5.009044e-07	7.770867e-03	5.000000e-01	
64	2.244800e-02	4.915534e-07	7.796622e-03	5.000000e-01	
65	2.270400e-02	5.009014e-07	7.838978e-03	5.000000e-01	
66	2.321600e-02	4.915544e-07	7.896952e-03	5.000000e-01	
67	2.381600e-02	5.009044e-07	7.934860e-03	5.000000e-01	
68	2.441600e-02	4.915610e-07	7.954796e-03	5.000000e-01	
69	2.501600e-02	5.009104e-07	7.965295e-03	5.000000e-01	
70	2.561600e-02	4.915673e-07	7.970907e-03	5.000000e-01	
71	2.621600e-02	5.009149e-07	7.973892e-03	5.000000e-01	
72	2.681600e-02	4.915718e-07	7.975542e-03	5.000000e-01	
73	2.741600e-02	5.009176e-07	7.976428e-03	5.000000e-01	
74	2.801600e-02	4.915748e-07	7.976955e-03	5.000000e-01	
75	2.861600e-02	5.009191e-07	7.977235e-03	5.000000e-01	
76	2.921600e-02	4.915767e-07	7.977429e-03	5.000000e-01	
77	2.950000e-02	5.009192e-07	7.977502e-03	5.000000e-01	
78	2.951000e-02	3.822667e-06	7.977629e-03	5.000000e-01	
79	2.953000e-02	3.317459e-06	7.978012e-03	5.000000e-01	
80	2.957000e-02	1.065366e-05	7.979188e-03	5.000000e-01	
81	2.960000e-02	5.702954e-05	7.980264e-03	5.000000e-01	
82	2.960800e-02	5.724951e-07	7.980474e-03	5.000000e-01	
83	2.962400e-02	2.137585e-07	7.980857e-03	5.000000e-01	
84	2.965600e-02	5.717617e-07	7.981056e-03	5.000000e-01	
85	2.972000e-02	4.208154e-07	7.979654e-03	5.000000e-01	
86	2.984800e-02	5.716454e-07	7.971723e-03	5.000000e-01	
87	3.000000e-02	4.208698e-07	7.956445e-03	5.000000e-01	

                  * c:\users\sreev\esim-workspace2\por\por.cir
                  Transient Analysis  Fri Nov 08 16:17:22  2024
--------------------------------------------------------------------------------
Index   time                            m.xsc1.msky130_ m.xsc1.msky130_ 
--------------------------------------------------------------------------------
0	0.000000e+00	0.000000e+00	5.000000e-01	5.000000e-01	
1	3.000000e-06	0.000000e+00	5.000000e-01	5.000000e-01	
2	6.000000e-06	0.000000e+00	5.000000e-01	5.000000e-01	
3	1.200000e-05	0.000000e+00	5.000000e-01	5.000000e-01	
4	2.400000e-05	0.000000e+00	5.000000e-01	5.000000e-01	
5	4.800000e-05	0.000000e+00	5.000000e-01	5.000000e-01	
6	9.600000e-05	0.000000e+00	5.000000e-01	5.000000e-01	
7	1.920000e-04	0.000000e+00	5.000000e-01	5.000000e-01	
8	3.840000e-04	0.000000e+00	5.000000e-01	5.000000e-01	
9	7.680000e-04	0.000000e+00	5.000000e-01	5.000000e-01	
10	1.368000e-03	0.000000e+00	5.000000e-01	5.000000e-01	
11	1.968000e-03	0.000000e+00	5.000000e-01	5.000000e-01	
12	2.568000e-03	0.000000e+00	5.000000e-01	5.000000e-01	
13	3.168000e-03	0.000000e+00	5.000000e-01	5.000000e-01	
14	3.768000e-03	0.000000e+00	5.000000e-01	5.000000e-01	
15	4.368000e-03	0.000000e+00	5.000000e-01	5.000000e-01	
16	4.968000e-03	0.000000e+00	5.000000e-01	5.000000e-01	
17	5.568000e-03	0.000000e+00	5.000000e-01	5.000000e-01	
18	6.168000e-03	0.000000e+00	5.000000e-01	5.000000e-01	
19	6.768000e-03	0.000000e+00	5.000000e-01	5.000000e-01	
20	7.000000e-03	0.000000e+00	5.000000e-01	5.000000e-01	
21	7.010000e-03	0.000000e+00	5.000000e-01	5.000000e-01	
22	7.030000e-03	0.000000e+00	5.000000e-01	5.000000e-01	
23	7.070000e-03	0.000000e+00	5.000000e-01	5.000000e-01	
24	7.100000e-03	0.000000e+00	5.000000e-01	5.000000e-01	
25	7.108000e-03	0.000000e+00	5.000000e-01	5.000000e-01	
26	7.124000e-03	0.000000e+00	5.000000e-01	5.000000e-01	
27	7.156000e-03	0.000000e+00	5.000000e-01	5.000000e-01	
28	7.220000e-03	0.000000e+00	5.000000e-01	5.000000e-01	
29	7.348000e-03	0.000000e+00	5.000000e-01	5.000000e-01	
30	7.604000e-03	0.000000e+00	5.000000e-01	5.000000e-01	
31	8.116000e-03	0.000000e+00	5.000000e-01	5.000000e-01	
32	8.716000e-03	0.000000e+00	5.000000e-01	5.000000e-01	
33	9.316000e-03	0.000000e+00	5.000000e-01	5.000000e-01	
34	9.916000e-03	0.000000e+00	5.000000e-01	5.000000e-01	
35	1.051600e-02	0.000000e+00	5.000000e-01	5.000000e-01	
36	1.111600e-02	0.000000e+00	5.000000e-01	5.000000e-01	
37	1.171600e-02	0.000000e+00	5.000000e-01	5.000000e-01	
38	1.231600e-02	0.000000e+00	5.000000e-01	5.000000e-01	
39	1.291600e-02	0.000000e+00	5.000000e-01	5.000000e-01	
40	1.351600e-02	0.000000e+00	5.000000e-01	5.000000e-01	
41	1.411600e-02	0.000000e+00	5.000000e-01	5.000000e-01	
42	1.471600e-02	0.000000e+00	5.000000e-01	5.000000e-01	
43	1.531600e-02	0.000000e+00	5.000000e-01	5.000000e-01	
44	1.591600e-02	0.000000e+00	5.000000e-01	5.000000e-01	
45	1.651600e-02	0.000000e+00	5.000000e-01	5.000000e-01	
46	1.711600e-02	0.000000e+00	5.000000e-01	5.000000e-01	
47	1.771600e-02	0.000000e+00	5.000000e-01	5.000000e-01	
48	1.831600e-02	0.000000e+00	5.000000e-01	5.000000e-01	
49	1.891600e-02	0.000000e+00	5.000000e-01	5.000000e-01	
50	1.951600e-02	0.000000e+00	5.000000e-01	5.000000e-01	
51	2.011600e-02	0.000000e+00	5.000000e-01	5.000000e-01	
52	2.071600e-02	0.000000e+00	5.000000e-01	5.000000e-01	
53	2.131600e-02	0.000000e+00	5.000000e-01	5.000000e-01	
54	2.191600e-02	0.000000e+00	5.000000e-01	5.000000e-01	

Index   time                            m.xsc1.msky130_ m.xsc1.msky130_ 
--------------------------------------------------------------------------------
55	2.210000e-02	0.000000e+00	5.000000e-01	5.000000e-01	
56	2.211000e-02	0.000000e+00	5.000000e-01	5.000000e-01	
57	2.213000e-02	0.000000e+00	5.000000e-01	5.000000e-01	
58	2.217000e-02	0.000000e+00	5.000000e-01	5.000000e-01	
59	2.220000e-02	0.000000e+00	5.000000e-01	5.000000e-01	
60	2.220800e-02	0.000000e+00	5.000000e-01	5.000000e-01	
61	2.222400e-02	0.000000e+00	5.000000e-01	5.000000e-01	
62	2.225600e-02	0.000000e+00	5.000000e-01	5.000000e-01	
63	2.232000e-02	0.000000e+00	5.000000e-01	5.000000e-01	
64	2.244800e-02	0.000000e+00	5.000000e-01	5.000000e-01	
65	2.270400e-02	0.000000e+00	5.000000e-01	5.000000e-01	
66	2.321600e-02	0.000000e+00	5.000000e-01	5.000000e-01	
67	2.381600e-02	0.000000e+00	5.000000e-01	5.000000e-01	
68	2.441600e-02	0.000000e+00	5.000000e-01	5.000000e-01	
69	2.501600e-02	0.000000e+00	5.000000e-01	5.000000e-01	
70	2.561600e-02	0.000000e+00	5.000000e-01	5.000000e-01	
71	2.621600e-02	0.000000e+00	5.000000e-01	5.000000e-01	
72	2.681600e-02	0.000000e+00	5.000000e-01	5.000000e-01	
73	2.741600e-02	0.000000e+00	5.000000e-01	5.000000e-01	
74	2.801600e-02	0.000000e+00	5.000000e-01	5.000000e-01	
75	2.861600e-02	0.000000e+00	5.000000e-01	5.000000e-01	
76	2.921600e-02	0.000000e+00	5.000000e-01	5.000000e-01	
77	2.950000e-02	0.000000e+00	5.000000e-01	5.000000e-01	
78	2.951000e-02	0.000000e+00	5.000000e-01	5.000000e-01	
79	2.953000e-02	0.000000e+00	5.000000e-01	5.000000e-01	
80	2.957000e-02	0.000000e+00	5.000000e-01	5.000000e-01	
81	2.960000e-02	0.000000e+00	5.000000e-01	5.000000e-01	
82	2.960800e-02	0.000000e+00	5.000000e-01	5.000000e-01	
83	2.962400e-02	0.000000e+00	5.000000e-01	5.000000e-01	
84	2.965600e-02	0.000000e+00	5.000000e-01	5.000000e-01	
85	2.972000e-02	0.000000e+00	5.000000e-01	5.000000e-01	
86	2.984800e-02	0.000000e+00	5.000000e-01	5.000000e-01	
87	3.000000e-02	0.000000e+00	5.000000e-01	5.000000e-01	

                  * c:\users\sreev\esim-workspace2\por\por.cir
                  Transient Analysis  Fri Nov 08 16:17:22  2024
--------------------------------------------------------------------------------
Index   time            m.xsc2.msky130_ m.xsc2.msky130_ m.xsc2.msky130_ 
--------------------------------------------------------------------------------
0	0.000000e+00	6.482469e-12	1.595366e-11	3.493745e-12	
1	3.000000e-06	6.481671e-12	1.595167e-11	3.493346e-12	
2	6.000000e-06	6.482001e-12	1.595249e-11	3.493511e-12	
3	1.200000e-05	6.482377e-12	1.595343e-11	3.493699e-12	
4	2.400000e-05	6.482449e-12	1.595361e-11	3.493735e-12	
5	4.800000e-05	6.482431e-12	1.595357e-11	3.493726e-12	
6	9.600000e-05	6.482442e-12	1.595359e-11	3.493731e-12	
7	1.920000e-04	6.482433e-12	1.595357e-11	3.493727e-12	
8	3.840000e-04	6.482441e-12	1.595359e-11	3.493731e-12	
9	7.680000e-04	6.482434e-12	1.595357e-11	3.493727e-12	
10	1.368000e-03	6.482440e-12	1.595359e-11	3.493730e-12	
11	1.968000e-03	6.482434e-12	1.595357e-11	3.493727e-12	
12	2.568000e-03	6.482440e-12	1.595359e-11	3.493730e-12	
13	3.168000e-03	6.482434e-12	1.595357e-11	3.493727e-12	
14	3.768000e-03	6.482440e-12	1.595359e-11	3.493730e-12	
15	4.368000e-03	6.482434e-12	1.595358e-11	3.493727e-12	
16	4.968000e-03	6.482440e-12	1.595359e-11	3.493730e-12	
17	5.568000e-03	6.482434e-12	1.595358e-11	3.493727e-12	
18	6.168000e-03	6.482440e-12	1.595359e-11	3.493730e-12	
19	6.768000e-03	6.482435e-12	1.595358e-11	3.493728e-12	
20	7.000000e-03	6.482439e-12	1.595359e-11	3.493730e-12	
21	7.010000e-03	1.009910e-11	2.499415e-11	5.302128e-12	
22	7.030000e-03	6.452857e-12	1.587958e-11	3.479099e-12	
23	7.070000e-03	8.781023e-12	2.169921e-11	4.643265e-12	
24	7.100000e-03	5.796813e-12	1.423956e-11	3.151222e-12	
25	7.108000e-03	4.904452e-12	1.200885e-11	2.704977e-12	
26	7.124000e-03	4.820688e-12	1.179949e-11	2.663080e-12	
27	7.156000e-03	4.791261e-12	1.172612e-11	2.648189e-12	
28	7.220000e-03	4.745293e-12	1.161139e-11	2.625013e-12	
29	7.348000e-03	4.054478e-12	9.885106e-12	2.279035e-12	
30	7.604000e-03	3.807102e-12	9.267358e-12	2.154312e-12	
31	8.116000e-03	3.239544e-12	7.847327e-12	1.868799e-12	
32	8.716000e-03	3.400801e-12	8.253840e-12	1.947978e-12	
33	9.316000e-03	3.142055e-12	7.608700e-12	1.817626e-12	
34	9.916000e-03	3.386471e-12	8.219986e-12	1.939369e-12	
35	1.051600e-02	3.141278e-12	7.607497e-12	1.816454e-12	
36	1.111600e-02	3.386192e-12	8.219677e-12	1.938812e-12	
37	1.171600e-02	3.141124e-12	7.607323e-12	1.816153e-12	
38	1.231600e-02	3.386108e-12	8.219582e-12	1.938649e-12	
39	1.291600e-02	3.141078e-12	7.607271e-12	1.816063e-12	
40	1.351600e-02	3.386083e-12	8.219553e-12	1.938598e-12	
41	1.411600e-02	3.141063e-12	7.607255e-12	1.816034e-12	
42	1.471600e-02	3.386074e-12	8.219543e-12	1.938581e-12	
43	1.531600e-02	3.141058e-12	7.607249e-12	1.816024e-12	
44	1.591600e-02	3.386071e-12	8.219540e-12	1.938575e-12	
45	1.651600e-02	3.141056e-12	7.607247e-12	1.816019e-12	
46	1.711600e-02	3.386069e-12	8.219538e-12	1.938572e-12	
47	1.771600e-02	3.141055e-12	7.607246e-12	1.816017e-12	
48	1.831600e-02	3.386068e-12	8.219537e-12	1.938570e-12	
49	1.891600e-02	3.141055e-12	7.607245e-12	1.816016e-12	
50	1.951600e-02	3.386068e-12	8.219537e-12	1.938569e-12	
51	2.011600e-02	3.141054e-12	7.607245e-12	1.816016e-12	
52	2.071600e-02	3.386068e-12	8.219537e-12	1.938569e-12	
53	2.131600e-02	3.141054e-12	7.607245e-12	1.816015e-12	
54	2.191600e-02	3.386068e-12	8.219537e-12	1.938569e-12	

Index   time            m.xsc2.msky130_ m.xsc2.msky130_ m.xsc2.msky130_ 
--------------------------------------------------------------------------------
55	2.210000e-02	3.141054e-12	7.607245e-12	1.816015e-12	
56	2.211000e-02	8.248774e-13	1.821655e-12	6.579508e-13	
57	2.213000e-02	6.402296e-13	1.361695e-12	5.655707e-13	
58	2.217000e-02	1.126062e-13	4.629809e-14	3.014694e-13	
59	2.220000e-02	3.304394e-11	8.230157e-11	1.676702e-11	
60	2.220800e-02	3.360861e-11	8.375044e-11	1.705140e-11	
61	2.222400e-02	-3.13849e-12	-8.08318e-12	-1.32222e-12	
62	2.225600e-02	1.511790e-11	3.753735e-11	7.805823e-12	
63	2.232000e-02	-1.79266e-12	-4.71950e-12	-6.48788e-13	
64	2.244800e-02	1.459870e-11	3.623858e-11	7.547214e-12	
65	2.270400e-02	-1.56043e-12	-4.14055e-12	-5.30988e-13	
66	2.321600e-02	1.449014e-11	3.596491e-11	7.495419e-12	
67	2.381600e-02	-1.49768e-12	-3.98592e-12	-4.97245e-13	
68	2.441600e-02	1.443279e-11	3.582020e-11	7.468174e-12	
69	2.501600e-02	-1.44146e-12	-3.84609e-12	-4.68382e-13	
70	2.561600e-02	1.437846e-11	3.568403e-11	7.441412e-12	
71	2.621600e-02	-1.38815e-12	-3.71302e-12	-4.41509e-13	
72	2.681600e-02	1.432664e-11	3.555439e-11	7.415620e-12	
73	2.741600e-02	-1.33750e-12	-3.58647e-12	-4.16121e-13	
74	2.801600e-02	1.427734e-11	3.543112e-11	7.391007e-12	
75	2.861600e-02	-1.28937e-12	-3.46619e-12	-3.92040e-13	
76	2.921600e-02	1.423050e-11	3.531401e-11	7.367597e-12	
77	2.950000e-02	-1.21096e-12	-3.27020e-12	-3.52826e-13	
78	2.951000e-02	1.015553e-11	2.513521e-11	5.330343e-12	
79	2.953000e-02	6.177240e-12	1.519060e-11	3.341288e-12	
80	2.957000e-02	9.070093e-12	2.242182e-11	4.787797e-12	
81	2.960000e-02	5.505261e-12	1.351076e-11	3.005445e-12	
82	2.960800e-02	4.907004e-12	1.201523e-11	2.706251e-12	
83	2.962400e-02	4.823472e-12	1.180645e-11	2.664470e-12	
84	2.965600e-02	4.784926e-12	1.171028e-11	2.645019e-12	
85	2.972000e-02	4.757047e-12	1.164077e-11	2.630887e-12	
86	2.984800e-02	4.046908e-12	9.866187e-12	2.275248e-12	
87	3.000000e-02	3.977702e-12	9.693678e-12	2.240042e-12	

                  * c:\users\sreev\esim-workspace2\por\por.cir
                  Transient Analysis  Fri Nov 08 16:17:22  2024
--------------------------------------------------------------------------------
Index   time            m.xsc3.msky130_ m.xsc3.msky130_ m.xsc3.msky130_ 
--------------------------------------------------------------------------------
0	0.000000e+00	6.501255e-12	1.600063e-11	3.503138e-12	
1	3.000000e-06	6.501255e-12	1.600063e-11	3.503138e-12	
2	6.000000e-06	6.501255e-12	1.600063e-11	3.503138e-12	
3	1.200000e-05	6.501255e-12	1.600063e-11	3.503138e-12	
4	2.400000e-05	6.501255e-12	1.600063e-11	3.503138e-12	
5	4.800000e-05	6.501255e-12	1.600063e-11	3.503138e-12	
6	9.600000e-05	6.501255e-12	1.600063e-11	3.503138e-12	
7	1.920000e-04	6.501255e-12	1.600063e-11	3.503138e-12	
8	3.840000e-04	6.501255e-12	1.600063e-11	3.503138e-12	
9	7.680000e-04	6.501255e-12	1.600063e-11	3.503138e-12	
10	1.368000e-03	6.501255e-12	1.600063e-11	3.503138e-12	
11	1.968000e-03	6.501255e-12	1.600063e-11	3.503138e-12	
12	2.568000e-03	6.501255e-12	1.600063e-11	3.503138e-12	
13	3.168000e-03	6.501255e-12	1.600063e-11	3.503138e-12	
14	3.768000e-03	6.501255e-12	1.600063e-11	3.503138e-12	
15	4.368000e-03	6.501255e-12	1.600063e-11	3.503138e-12	
16	4.968000e-03	6.501255e-12	1.600063e-11	3.503138e-12	
17	5.568000e-03	6.501255e-12	1.600063e-11	3.503138e-12	
18	6.168000e-03	6.501255e-12	1.600063e-11	3.503138e-12	
19	6.768000e-03	6.501255e-12	1.600063e-11	3.503138e-12	
20	7.000000e-03	6.501255e-12	1.600063e-11	3.503138e-12	
21	7.010000e-03	6.501298e-12	1.600065e-11	3.503227e-12	
22	7.030000e-03	6.501355e-12	1.600068e-11	3.503348e-12	
23	7.070000e-03	6.501404e-12	1.600070e-11	3.503456e-12	
24	7.100000e-03	6.501439e-12	1.600072e-11	3.503535e-12	
25	7.108000e-03	6.501396e-12	1.600070e-11	3.503449e-12	
26	7.124000e-03	6.501386e-12	1.600069e-11	3.503429e-12	
27	7.156000e-03	6.501271e-12	1.600064e-11	3.503194e-12	
28	7.220000e-03	6.501155e-12	1.600058e-11	3.502944e-12	
29	7.348000e-03	6.500824e-12	1.600041e-11	3.502208e-12	
30	7.604000e-03	6.500280e-12	1.600014e-11	3.500902e-12	
31	8.116000e-03	6.499425e-12	1.599971e-11	3.498739e-12	
32	8.716000e-03	6.498730e-12	1.599936e-11	3.496942e-12	
33	9.316000e-03	6.498259e-12	1.599913e-11	3.495727e-12	
34	9.916000e-03	6.498051e-12	1.599903e-11	3.495159e-12	
35	1.051600e-02	6.497894e-12	1.599895e-11	3.494762e-12	
36	1.111600e-02	6.497856e-12	1.599893e-11	3.494644e-12	
37	1.171600e-02	6.497789e-12	1.599889e-11	3.494486e-12	
38	1.231600e-02	6.497799e-12	1.599890e-11	3.494494e-12	
39	1.291600e-02	6.497758e-12	1.599888e-11	3.494403e-12	
40	1.351600e-02	6.497781e-12	1.599889e-11	3.494448e-12	
41	1.411600e-02	6.497748e-12	1.599887e-11	3.494376e-12	
42	1.471600e-02	6.497775e-12	1.599889e-11	3.494432e-12	
43	1.531600e-02	6.497744e-12	1.599887e-11	3.494367e-12	
44	1.591600e-02	6.497773e-12	1.599889e-11	3.494426e-12	
45	1.651600e-02	6.497742e-12	1.599887e-11	3.494363e-12	
46	1.711600e-02	6.497772e-12	1.599889e-11	3.494423e-12	
47	1.771600e-02	6.497742e-12	1.599887e-11	3.494361e-12	
48	1.831600e-02	6.497771e-12	1.599889e-11	3.494422e-12	
49	1.891600e-02	6.497741e-12	1.599887e-11	3.494360e-12	
50	1.951600e-02	6.497771e-12	1.599889e-11	3.494421e-12	
51	2.011600e-02	6.497741e-12	1.599887e-11	3.494359e-12	
52	2.071600e-02	6.497771e-12	1.599889e-11	3.494420e-12	
53	2.131600e-02	6.497741e-12	1.599887e-11	3.494359e-12	
54	2.191600e-02	6.497771e-12	1.599889e-11	3.494420e-12	

Index   time            m.xsc3.msky130_ m.xsc3.msky130_ m.xsc3.msky130_ 
--------------------------------------------------------------------------------
55	2.210000e-02	6.497741e-12	1.599887e-11	3.494359e-12	
56	2.211000e-02	6.497756e-12	1.599888e-11	3.494390e-12	
57	2.213000e-02	6.497721e-12	1.599886e-11	3.494316e-12	
58	2.217000e-02	6.497541e-12	1.599877e-11	3.493937e-12	
59	2.220000e-02	6.497477e-12	1.599874e-11	3.493793e-12	
60	2.220800e-02	6.501982e-12	1.600099e-11	3.498085e-12	
61	2.222400e-02	6.498730e-12	1.599936e-11	3.496387e-12	
62	2.225600e-02	6.498601e-12	1.599930e-11	3.496171e-12	
63	2.232000e-02	6.498969e-12	1.599948e-11	3.497027e-12	
64	2.244800e-02	6.499065e-12	1.599953e-11	3.497397e-12	
65	2.270400e-02	6.499752e-12	1.599988e-11	3.499101e-12	
66	2.321600e-02	6.500221e-12	1.600011e-11	3.500459e-12	
67	2.381600e-02	6.500855e-12	1.600043e-11	3.502024e-12	
68	2.441600e-02	6.500888e-12	1.600044e-11	3.502225e-12	
69	2.501600e-02	6.501206e-12	1.600060e-11	3.502953e-12	
70	2.561600e-02	6.501075e-12	1.600054e-11	3.502720e-12	
71	2.621600e-02	6.501306e-12	1.600065e-11	3.503217e-12	
72	2.681600e-02	6.501130e-12	1.600056e-11	3.502864e-12	
73	2.741600e-02	6.501336e-12	1.600067e-11	3.503295e-12	
74	2.801600e-02	6.501147e-12	1.600057e-11	3.502910e-12	
75	2.861600e-02	6.501345e-12	1.600067e-11	3.503320e-12	
76	2.921600e-02	6.501154e-12	1.600058e-11	3.502926e-12	
77	2.950000e-02	6.501349e-12	1.600067e-11	3.503329e-12	
78	2.951000e-02	6.501301e-12	1.600065e-11	3.503231e-12	
79	2.953000e-02	6.501355e-12	1.600068e-11	3.503346e-12	
80	2.957000e-02	6.501402e-12	1.600070e-11	3.503452e-12	
81	2.960000e-02	6.501439e-12	1.600072e-11	3.503534e-12	
82	2.960800e-02	6.501396e-12	1.600070e-11	3.503446e-12	
83	2.962400e-02	6.501385e-12	1.600069e-11	3.503426e-12	
84	2.965600e-02	6.501270e-12	1.600064e-11	3.503191e-12	
85	2.972000e-02	6.501154e-12	1.600058e-11	3.502941e-12	
86	2.984800e-02	6.500823e-12	1.600041e-11	3.502206e-12	
87	3.000000e-02	6.500504e-12	1.600025e-11	3.501443e-12	

                  * c:\users\sreev\esim-workspace2\por\por.cir
                  Transient Analysis  Fri Nov 08 16:17:22  2024
--------------------------------------------------------------------------------
Index   time            m.xsc4.msky130_ m.xsc4.msky130_ m.xsc4.msky130_ 
--------------------------------------------------------------------------------
0	0.000000e+00	1.262552e-13	3.156379e-13	6.312758e-14	
1	3.000000e-06	1.262551e-13	3.156379e-13	6.312757e-14	
2	6.000000e-06	1.262551e-13	3.156379e-13	6.312755e-14	
3	1.200000e-05	1.262551e-13	3.156378e-13	6.312753e-14	
4	2.400000e-05	1.262550e-13	3.156378e-13	6.312752e-14	
5	4.800000e-05	1.262551e-13	3.156378e-13	6.312753e-14	
6	9.600000e-05	1.262551e-13	3.156378e-13	6.312753e-14	
7	1.920000e-04	1.262551e-13	3.156378e-13	6.312753e-14	
8	3.840000e-04	1.262551e-13	3.156378e-13	6.312754e-14	
9	7.680000e-04	1.262551e-13	3.156378e-13	6.312755e-14	
10	1.368000e-03	1.262551e-13	3.156378e-13	6.312755e-14	
11	1.968000e-03	1.262551e-13	3.156378e-13	6.312756e-14	
12	2.568000e-03	1.262551e-13	3.156378e-13	6.312756e-14	
13	3.168000e-03	1.262551e-13	3.156378e-13	6.312756e-14	
14	3.768000e-03	1.262551e-13	3.156378e-13	6.312756e-14	
15	4.368000e-03	1.262551e-13	3.156378e-13	6.312756e-14	
16	4.968000e-03	1.262551e-13	3.156378e-13	6.312756e-14	
17	5.568000e-03	1.262551e-13	3.156378e-13	6.312756e-14	
18	6.168000e-03	1.262551e-13	3.156378e-13	6.312756e-14	
19	6.768000e-03	1.262551e-13	3.156378e-13	6.312756e-14	
20	7.000000e-03	1.262551e-13	3.156378e-13	6.312756e-14	
21	7.010000e-03	1.268215e-13	3.159890e-13	6.341075e-14	
22	7.030000e-03	1.275334e-13	3.164368e-13	6.376668e-14	
23	7.070000e-03	1.279725e-13	3.167400e-13	6.398624e-14	
24	7.100000e-03	1.282447e-13	3.169380e-13	6.412233e-14	
25	7.108000e-03	1.276261e-13	3.165639e-13	6.381303e-14	
26	7.124000e-03	1.274037e-13	3.164382e-13	6.370184e-14	
27	7.156000e-03	1.258036e-13	3.154603e-13	6.290179e-14	
28	7.220000e-03	1.244873e-13	3.146099e-13	6.224363e-14	
29	7.348000e-03	1.215291e-13	3.125603e-13	6.076454e-14	
30	7.604000e-03	1.194067e-13	3.104649e-13	5.970337e-14	
31	8.116000e-03	1.192590e-13	3.086559e-13	5.962951e-14	
32	8.716000e-03	1.202987e-13	3.077264e-13	6.014935e-14	
33	9.316000e-03	1.209289e-13	3.070624e-13	6.046447e-14	
34	9.916000e-03	1.221018e-13	3.071847e-13	6.105092e-14	
35	1.051600e-02	1.220992e-13	3.068649e-13	6.104961e-14	
36	1.111600e-02	1.227199e-13	3.070764e-13	6.135993e-14	
37	1.171600e-02	1.224242e-13	3.068032e-13	6.121208e-14	
38	1.231600e-02	1.228910e-13	3.070402e-13	6.144551e-14	
39	1.291600e-02	1.225147e-13	3.067814e-13	6.125734e-14	
40	1.351600e-02	1.229391e-13	3.070266e-13	6.146953e-14	
41	1.411600e-02	1.225404e-13	3.067726e-13	6.127021e-14	
42	1.471600e-02	1.229529e-13	3.070207e-13	6.147644e-14	
43	1.531600e-02	1.225480e-13	3.067686e-13	6.127401e-14	
44	1.591600e-02	1.229571e-13	3.070178e-13	6.147853e-14	
45	1.651600e-02	1.225504e-13	3.067666e-13	6.127522e-14	
46	1.711600e-02	1.229584e-13	3.070163e-13	6.147921e-14	
47	1.771600e-02	1.225513e-13	3.067655e-13	6.127565e-14	
48	1.831600e-02	1.229589e-13	3.070154e-13	6.147946e-14	
49	1.891600e-02	1.225517e-13	3.067649e-13	6.127583e-14	
50	1.951600e-02	1.229591e-13	3.070149e-13	6.147955e-14	
51	2.011600e-02	1.225519e-13	3.067645e-13	6.127593e-14	
52	2.071600e-02	1.229592e-13	3.070147e-13	6.147959e-14	
53	2.131600e-02	1.225520e-13	3.067643e-13	6.127598e-14	
54	2.191600e-02	1.229592e-13	3.070145e-13	6.147960e-14	

Index   time            m.xsc4.msky130_ m.xsc4.msky130_ m.xsc4.msky130_ 
--------------------------------------------------------------------------------
55	2.210000e-02	1.225521e-13	3.067643e-13	6.127603e-14	
56	2.211000e-02	1.227597e-13	3.068919e-13	6.137986e-14	
57	2.213000e-02	1.222914e-13	3.066016e-13	6.114571e-14	
58	2.217000e-02	1.200692e-13	3.052009e-13	6.003461e-14	
59	2.220000e-02	1.195290e-13	3.048195e-13	5.976449e-14	
60	2.220800e-02	1.662135e-13	3.302009e-13	8.310676e-14	
61	2.222400e-02	1.365060e-13	3.152747e-13	6.825300e-14	
62	2.225600e-02	1.332765e-13	3.135089e-13	6.663824e-14	
63	2.232000e-02	1.355321e-13	3.153083e-13	6.776605e-14	
64	2.244800e-02	1.317897e-13	3.137598e-13	6.589487e-14	
65	2.270400e-02	1.328858e-13	3.156679e-13	6.644289e-14	
66	2.321600e-02	1.279388e-13	3.143178e-13	6.396942e-14	
67	2.381600e-02	1.291913e-13	3.161917e-13	6.459567e-14	
68	2.441600e-02	1.257356e-13	3.146490e-13	6.286780e-14	
69	2.501600e-02	1.280356e-13	3.163680e-13	6.401779e-14	
70	2.561600e-02	1.251423e-13	3.147537e-13	6.257114e-14	
71	2.621600e-02	1.277158e-13	3.164218e-13	6.385788e-14	
72	2.681600e-02	1.249839e-13	3.147913e-13	6.249193e-14	
73	2.741600e-02	1.276233e-13	3.164388e-13	6.381166e-14	
74	2.801600e-02	1.249439e-13	3.148079e-13	6.247194e-14	
75	2.861600e-02	1.275933e-13	3.164439e-13	6.379664e-14	
76	2.921600e-02	1.249363e-13	3.148171e-13	6.246816e-14	
77	2.950000e-02	1.275905e-13	3.164500e-13	6.379527e-14	
78	2.951000e-02	1.269106e-13	3.160360e-13	6.345530e-14	
79	2.953000e-02	1.275785e-13	3.164575e-13	6.378924e-14	
80	2.957000e-02	1.279963e-13	3.167485e-13	6.399815e-14	
81	2.960000e-02	1.282810e-13	3.169547e-13	6.414048e-14	
82	2.960800e-02	1.276518e-13	3.165743e-13	6.382592e-14	
83	2.962400e-02	1.274277e-13	3.164477e-13	6.371385e-14	
84	2.965600e-02	1.258223e-13	3.154671e-13	6.291117e-14	
85	2.972000e-02	1.245018e-13	3.146148e-13	6.225091e-14	
86	2.984800e-02	1.215391e-13	3.125633e-13	6.076954e-14	
87	3.000000e-02	1.201573e-13	3.112693e-13	6.007866e-14	

                  * c:\users\sreev\esim-workspace2\por\por.cir
                  Transient Analysis  Fri Nov 08 16:17:22  2024
--------------------------------------------------------------------------------
Index   time            m.xsc5.msky130_ m.xsc5.msky130_ m.xsc5.msky130_ 
--------------------------------------------------------------------------------
0	0.000000e+00	3.117641e-12	7.794102e-12	1.558820e-12	
1	3.000000e-06	3.117641e-12	7.794102e-12	1.558820e-12	
2	6.000000e-06	3.117641e-12	7.794102e-12	1.558820e-12	
3	1.200000e-05	3.117641e-12	7.794102e-12	1.558820e-12	
4	2.400000e-05	3.117641e-12	7.794102e-12	1.558820e-12	
5	4.800000e-05	3.117641e-12	7.794102e-12	1.558820e-12	
6	9.600000e-05	3.117641e-12	7.794102e-12	1.558820e-12	
7	1.920000e-04	3.117641e-12	7.794102e-12	1.558820e-12	
8	3.840000e-04	3.117641e-12	7.794102e-12	1.558820e-12	
9	7.680000e-04	3.117641e-12	7.794102e-12	1.558820e-12	
10	1.368000e-03	3.117641e-12	7.794102e-12	1.558820e-12	
11	1.968000e-03	3.117641e-12	7.794102e-12	1.558820e-12	
12	2.568000e-03	3.117641e-12	7.794102e-12	1.558820e-12	
13	3.168000e-03	3.117641e-12	7.794102e-12	1.558820e-12	
14	3.768000e-03	3.117641e-12	7.794102e-12	1.558820e-12	
15	4.368000e-03	3.117641e-12	7.794102e-12	1.558820e-12	
16	4.968000e-03	3.117641e-12	7.794102e-12	1.558820e-12	
17	5.568000e-03	3.117641e-12	7.794102e-12	1.558820e-12	
18	6.168000e-03	3.117641e-12	7.794102e-12	1.558820e-12	
19	6.768000e-03	3.117641e-12	7.794102e-12	1.558820e-12	
20	7.000000e-03	3.117641e-12	7.794102e-12	1.558820e-12	
21	7.010000e-03	3.118177e-12	7.794398e-12	1.559088e-12	
22	7.030000e-03	3.118806e-12	7.794665e-12	1.559403e-12	
23	7.070000e-03	3.119239e-12	7.794968e-12	1.559619e-12	
24	7.100000e-03	3.119541e-12	7.795249e-12	1.559770e-12	
25	7.108000e-03	3.118617e-12	7.794091e-12	1.559308e-12	
26	7.124000e-03	3.118911e-12	7.795247e-12	1.559456e-12	
27	7.156000e-03	3.116922e-12	7.793238e-12	1.558461e-12	
28	7.220000e-03	3.116224e-12	7.793884e-12	1.558112e-12	
29	7.348000e-03	3.113093e-12	7.791299e-12	1.556546e-12	
30	7.604000e-03	3.112023e-12	7.791770e-12	1.556011e-12	
31	8.116000e-03	3.112283e-12	7.791008e-12	1.556141e-12	
32	8.716000e-03	3.114637e-12	7.793433e-12	1.557318e-12	
33	9.316000e-03	3.115380e-12	7.793098e-12	1.557690e-12	
34	9.916000e-03	3.117409e-12	7.795413e-12	1.558704e-12	
35	1.051600e-02	3.117191e-12	7.794562e-12	1.558595e-12	
36	1.111600e-02	3.118460e-12	7.796421e-12	1.559230e-12	
37	1.171600e-02	3.117817e-12	7.795272e-12	1.558909e-12	
38	1.231600e-02	3.118846e-12	7.796931e-12	1.559423e-12	
39	1.291600e-02	3.118063e-12	7.795644e-12	1.559032e-12	
40	1.351600e-02	3.119008e-12	7.797205e-12	1.559504e-12	
41	1.411600e-02	3.118174e-12	7.795849e-12	1.559087e-12	
42	1.471600e-02	3.119085e-12	7.797358e-12	1.559543e-12	
43	1.531600e-02	3.118229e-12	7.795964e-12	1.559115e-12	
44	1.591600e-02	3.119125e-12	7.797445e-12	1.559563e-12	
45	1.651600e-02	3.118259e-12	7.796030e-12	1.559129e-12	
46	1.711600e-02	3.119147e-12	7.797495e-12	1.559573e-12	
47	1.771600e-02	3.118275e-12	7.796067e-12	1.559137e-12	
48	1.831600e-02	3.119159e-12	7.797523e-12	1.559580e-12	
49	1.891600e-02	3.118284e-12	7.796089e-12	1.559142e-12	
50	1.951600e-02	3.119166e-12	7.797540e-12	1.559583e-12	
51	2.011600e-02	3.118290e-12	7.796102e-12	1.559145e-12	
52	2.071600e-02	3.119170e-12	7.797549e-12	1.559585e-12	
53	2.131600e-02	3.118293e-12	7.796109e-12	1.559146e-12	
54	2.191600e-02	3.119172e-12	7.797554e-12	1.559586e-12	

Index   time            m.xsc5.msky130_ m.xsc5.msky130_ m.xsc5.msky130_ 
--------------------------------------------------------------------------------
55	2.210000e-02	3.118294e-12	7.796112e-12	1.559147e-12	
56	2.211000e-02	3.118573e-12	7.796425e-12	1.559286e-12	
57	2.213000e-02	3.118570e-12	7.797279e-12	1.559285e-12	
58	2.217000e-02	3.116018e-12	7.794973e-12	1.558009e-12	
59	2.220000e-02	3.116015e-12	7.795916e-12	1.558008e-12	
60	2.220800e-02	3.129830e-12	7.802415e-12	1.564915e-12	
61	2.222400e-02	3.131479e-12	7.803226e-12	1.565740e-12	
62	2.225600e-02	3.128435e-12	7.801798e-12	1.564218e-12	
63	2.232000e-02	3.130269e-12	7.802618e-12	1.565134e-12	
64	2.244800e-02	3.126482e-12	7.800803e-12	1.563241e-12	
65	2.270400e-02	3.126809e-12	7.800805e-12	1.563405e-12	
66	2.321600e-02	3.121347e-12	7.797945e-12	1.560673e-12	
67	2.381600e-02	3.121755e-12	7.797735e-12	1.560877e-12	
68	2.441600e-02	3.118168e-12	7.795722e-12	1.559084e-12	
69	2.501600e-02	3.119958e-12	7.796248e-12	1.559979e-12	
70	2.561600e-02	3.117138e-12	7.794704e-12	1.558569e-12	
71	2.621600e-02	3.119334e-12	7.795525e-12	1.559667e-12	
72	2.681600e-02	3.116762e-12	7.794189e-12	1.558381e-12	
73	2.741600e-02	3.119084e-12	7.795144e-12	1.559542e-12	
74	2.801600e-02	3.116605e-12	7.793912e-12	1.558303e-12	
75	2.861600e-02	3.118968e-12	7.794932e-12	1.559484e-12	
76	2.921600e-02	3.116533e-12	7.793758e-12	1.558266e-12	
77	2.950000e-02	3.118927e-12	7.794841e-12	1.559463e-12	
78	2.951000e-02	3.118335e-12	7.794620e-12	1.559167e-12	
79	2.953000e-02	3.118922e-12	7.794864e-12	1.559461e-12	
80	2.957000e-02	3.119333e-12	7.795154e-12	1.559666e-12	
81	2.960000e-02	3.119645e-12	7.795439e-12	1.559823e-12	
82	2.960800e-02	3.118712e-12	7.794274e-12	1.559356e-12	
83	2.962400e-02	3.119004e-12	7.795429e-12	1.559502e-12	
84	2.965600e-02	3.117008e-12	7.793414e-12	1.558504e-12	
85	2.972000e-02	3.116304e-12	7.794054e-12	1.558152e-12	
86	2.984800e-02	3.113165e-12	7.791457e-12	1.556582e-12	
87	3.000000e-02	3.112602e-12	7.792168e-12	1.556301e-12	

                  * c:\users\sreev\esim-workspace2\por\por.cir
                  Transient Analysis  Fri Nov 08 16:17:22  2024
--------------------------------------------------------------------------------
Index   time            m.xsc6.msky130_ m.xsc6.msky130_ m.xsc6.msky130_ 
--------------------------------------------------------------------------------
0	0.000000e+00	5.000000e-01	5.000000e-01	5.000000e-01	
1	3.000000e-06	5.000000e-01	5.000000e-01	5.000000e-01	
2	6.000000e-06	5.000000e-01	5.000000e-01	5.000000e-01	
3	1.200000e-05	5.000000e-01	5.000000e-01	5.000000e-01	
4	2.400000e-05	5.000000e-01	5.000000e-01	5.000000e-01	
5	4.800000e-05	5.000000e-01	5.000000e-01	5.000000e-01	
6	9.600000e-05	5.000000e-01	5.000000e-01	5.000000e-01	
7	1.920000e-04	5.000000e-01	5.000000e-01	5.000000e-01	
8	3.840000e-04	5.000000e-01	5.000000e-01	5.000000e-01	
9	7.680000e-04	5.000000e-01	5.000000e-01	5.000000e-01	
10	1.368000e-03	5.000000e-01	5.000000e-01	5.000000e-01	
11	1.968000e-03	5.000000e-01	5.000000e-01	5.000000e-01	
12	2.568000e-03	5.000000e-01	5.000000e-01	5.000000e-01	
13	3.168000e-03	5.000000e-01	5.000000e-01	5.000000e-01	
14	3.768000e-03	5.000000e-01	5.000000e-01	5.000000e-01	
15	4.368000e-03	5.000000e-01	5.000000e-01	5.000000e-01	
16	4.968000e-03	5.000000e-01	5.000000e-01	5.000000e-01	
17	5.568000e-03	5.000000e-01	5.000000e-01	5.000000e-01	
18	6.168000e-03	5.000000e-01	5.000000e-01	5.000000e-01	
19	6.768000e-03	5.000000e-01	5.000000e-01	5.000000e-01	
20	7.000000e-03	5.000000e-01	5.000000e-01	5.000000e-01	
21	7.010000e-03	5.000000e-01	5.000000e-01	5.000000e-01	
22	7.030000e-03	5.000000e-01	5.000000e-01	5.000000e-01	
23	7.070000e-03	5.000000e-01	5.000000e-01	5.000000e-01	
24	7.100000e-03	5.000000e-01	5.000000e-01	5.000000e-01	
25	7.108000e-03	5.000000e-01	5.000000e-01	5.000000e-01	
26	7.124000e-03	5.000000e-01	5.000000e-01	5.000000e-01	
27	7.156000e-03	5.000000e-01	5.000000e-01	5.000000e-01	
28	7.220000e-03	5.000000e-01	5.000000e-01	5.000000e-01	
29	7.348000e-03	5.000000e-01	5.000000e-01	5.000000e-01	
30	7.604000e-03	5.000000e-01	5.000000e-01	5.000000e-01	
31	8.116000e-03	5.000000e-01	5.000000e-01	5.000000e-01	
32	8.716000e-03	5.000000e-01	5.000000e-01	5.000000e-01	
33	9.316000e-03	5.000000e-01	5.000000e-01	5.000000e-01	
34	9.916000e-03	5.000000e-01	5.000000e-01	5.000000e-01	
35	1.051600e-02	5.000000e-01	5.000000e-01	5.000000e-01	
36	1.111600e-02	5.000000e-01	5.000000e-01	5.000000e-01	
37	1.171600e-02	5.000000e-01	5.000000e-01	5.000000e-01	
38	1.231600e-02	5.000000e-01	5.000000e-01	5.000000e-01	
39	1.291600e-02	5.000000e-01	5.000000e-01	5.000000e-01	
40	1.351600e-02	5.000000e-01	5.000000e-01	5.000000e-01	
41	1.411600e-02	5.000000e-01	5.000000e-01	5.000000e-01	
42	1.471600e-02	5.000000e-01	5.000000e-01	5.000000e-01	
43	1.531600e-02	5.000000e-01	5.000000e-01	5.000000e-01	
44	1.591600e-02	5.000000e-01	5.000000e-01	5.000000e-01	
45	1.651600e-02	5.000000e-01	5.000000e-01	5.000000e-01	
46	1.711600e-02	5.000000e-01	5.000000e-01	5.000000e-01	
47	1.771600e-02	5.000000e-01	5.000000e-01	5.000000e-01	
48	1.831600e-02	5.000000e-01	5.000000e-01	5.000000e-01	
49	1.891600e-02	5.000000e-01	5.000000e-01	5.000000e-01	
50	1.951600e-02	5.000000e-01	5.000000e-01	5.000000e-01	
51	2.011600e-02	5.000000e-01	5.000000e-01	5.000000e-01	
52	2.071600e-02	5.000000e-01	5.000000e-01	5.000000e-01	
53	2.131600e-02	5.000000e-01	5.000000e-01	5.000000e-01	
54	2.191600e-02	5.000000e-01	5.000000e-01	5.000000e-01	

Index   time            m.xsc6.msky130_ m.xsc6.msky130_ m.xsc6.msky130_ 
--------------------------------------------------------------------------------
55	2.210000e-02	5.000000e-01	5.000000e-01	5.000000e-01	
56	2.211000e-02	5.000000e-01	5.000000e-01	5.000000e-01	
57	2.213000e-02	5.000000e-01	5.000000e-01	5.000000e-01	
58	2.217000e-02	5.000000e-01	5.000000e-01	5.000000e-01	
59	2.220000e-02	5.000000e-01	5.000000e-01	5.000000e-01	
60	2.220800e-02	5.000000e-01	5.000000e-01	5.000000e-01	
61	2.222400e-02	5.000000e-01	5.000000e-01	5.000000e-01	
62	2.225600e-02	5.000000e-01	5.000000e-01	5.000000e-01	
63	2.232000e-02	5.000000e-01	5.000000e-01	5.000000e-01	
64	2.244800e-02	5.000000e-01	5.000000e-01	5.000000e-01	
65	2.270400e-02	5.000000e-01	5.000000e-01	5.000000e-01	
66	2.321600e-02	5.000000e-01	5.000000e-01	5.000000e-01	
67	2.381600e-02	5.000000e-01	5.000000e-01	5.000000e-01	
68	2.441600e-02	5.000000e-01	5.000000e-01	5.000000e-01	
69	2.501600e-02	5.000000e-01	5.000000e-01	5.000000e-01	
70	2.561600e-02	5.000000e-01	5.000000e-01	5.000000e-01	
71	2.621600e-02	5.000000e-01	5.000000e-01	5.000000e-01	
72	2.681600e-02	5.000000e-01	5.000000e-01	5.000000e-01	
73	2.741600e-02	5.000000e-01	5.000000e-01	5.000000e-01	
74	2.801600e-02	5.000000e-01	5.000000e-01	5.000000e-01	
75	2.861600e-02	5.000000e-01	5.000000e-01	5.000000e-01	
76	2.921600e-02	5.000000e-01	5.000000e-01	5.000000e-01	
77	2.950000e-02	5.000000e-01	5.000000e-01	5.000000e-01	
78	2.951000e-02	5.000000e-01	5.000000e-01	5.000000e-01	
79	2.953000e-02	5.000000e-01	5.000000e-01	5.000000e-01	
80	2.957000e-02	5.000000e-01	5.000000e-01	5.000000e-01	
81	2.960000e-02	5.000000e-01	5.000000e-01	5.000000e-01	
82	2.960800e-02	5.000000e-01	5.000000e-01	5.000000e-01	
83	2.962400e-02	5.000000e-01	5.000000e-01	5.000000e-01	
84	2.965600e-02	5.000000e-01	5.000000e-01	5.000000e-01	
85	2.972000e-02	5.000000e-01	5.000000e-01	5.000000e-01	
86	2.984800e-02	5.000000e-01	5.000000e-01	5.000000e-01	
87	3.000000e-02	5.000000e-01	5.000000e-01	5.000000e-01	

                  * c:\users\sreev\esim-workspace2\por\por.cir
                  Transient Analysis  Fri Nov 08 16:17:22  2024
--------------------------------------------------------------------------------
Index   time            m.xsc7.msky130_ m.xsc7.msky130_ m.xsc7.msky130_ 
--------------------------------------------------------------------------------
0	0.000000e+00	5.000000e-01	5.000000e-01	5.000000e-01	
1	3.000000e-06	5.000000e-01	5.000000e-01	5.000000e-01	
2	6.000000e-06	5.000000e-01	5.000000e-01	5.000000e-01	
3	1.200000e-05	5.000000e-01	5.000000e-01	5.000000e-01	
4	2.400000e-05	5.000000e-01	5.000000e-01	5.000000e-01	
5	4.800000e-05	5.000000e-01	5.000000e-01	5.000000e-01	
6	9.600000e-05	5.000000e-01	5.000000e-01	5.000000e-01	
7	1.920000e-04	5.000000e-01	5.000000e-01	5.000000e-01	
8	3.840000e-04	5.000000e-01	5.000000e-01	5.000000e-01	
9	7.680000e-04	5.000000e-01	5.000000e-01	5.000000e-01	
10	1.368000e-03	5.000000e-01	5.000000e-01	5.000000e-01	
11	1.968000e-03	5.000000e-01	5.000000e-01	5.000000e-01	
12	2.568000e-03	5.000000e-01	5.000000e-01	5.000000e-01	
13	3.168000e-03	5.000000e-01	5.000000e-01	5.000000e-01	
14	3.768000e-03	5.000000e-01	5.000000e-01	5.000000e-01	
15	4.368000e-03	5.000000e-01	5.000000e-01	5.000000e-01	
16	4.968000e-03	5.000000e-01	5.000000e-01	5.000000e-01	
17	5.568000e-03	5.000000e-01	5.000000e-01	5.000000e-01	
18	6.168000e-03	5.000000e-01	5.000000e-01	5.000000e-01	
19	6.768000e-03	5.000000e-01	5.000000e-01	5.000000e-01	
20	7.000000e-03	5.000000e-01	5.000000e-01	5.000000e-01	
21	7.010000e-03	5.000000e-01	5.000000e-01	5.000000e-01	
22	7.030000e-03	5.000000e-01	5.000000e-01	5.000000e-01	
23	7.070000e-03	5.000000e-01	5.000000e-01	5.000000e-01	
24	7.100000e-03	5.000000e-01	5.000000e-01	5.000000e-01	
25	7.108000e-03	5.000000e-01	5.000000e-01	5.000000e-01	
26	7.124000e-03	5.000000e-01	5.000000e-01	5.000000e-01	
27	7.156000e-03	5.000000e-01	5.000000e-01	5.000000e-01	
28	7.220000e-03	5.000000e-01	5.000000e-01	5.000000e-01	
29	7.348000e-03	5.000000e-01	5.000000e-01	5.000000e-01	
30	7.604000e-03	5.000000e-01	5.000000e-01	5.000000e-01	
31	8.116000e-03	5.000000e-01	5.000000e-01	5.000000e-01	
32	8.716000e-03	5.000000e-01	5.000000e-01	5.000000e-01	
33	9.316000e-03	5.000000e-01	5.000000e-01	5.000000e-01	
34	9.916000e-03	5.000000e-01	5.000000e-01	5.000000e-01	
35	1.051600e-02	5.000000e-01	5.000000e-01	5.000000e-01	
36	1.111600e-02	5.000000e-01	5.000000e-01	5.000000e-01	
37	1.171600e-02	5.000000e-01	5.000000e-01	5.000000e-01	
38	1.231600e-02	5.000000e-01	5.000000e-01	5.000000e-01	
39	1.291600e-02	5.000000e-01	5.000000e-01	5.000000e-01	
40	1.351600e-02	5.000000e-01	5.000000e-01	5.000000e-01	
41	1.411600e-02	5.000000e-01	5.000000e-01	5.000000e-01	
42	1.471600e-02	5.000000e-01	5.000000e-01	5.000000e-01	
43	1.531600e-02	5.000000e-01	5.000000e-01	5.000000e-01	
44	1.591600e-02	5.000000e-01	5.000000e-01	5.000000e-01	
45	1.651600e-02	5.000000e-01	5.000000e-01	5.000000e-01	
46	1.711600e-02	5.000000e-01	5.000000e-01	5.000000e-01	
47	1.771600e-02	5.000000e-01	5.000000e-01	5.000000e-01	
48	1.831600e-02	5.000000e-01	5.000000e-01	5.000000e-01	
49	1.891600e-02	5.000000e-01	5.000000e-01	5.000000e-01	
50	1.951600e-02	5.000000e-01	5.000000e-01	5.000000e-01	
51	2.011600e-02	5.000000e-01	5.000000e-01	5.000000e-01	
52	2.071600e-02	5.000000e-01	5.000000e-01	5.000000e-01	
53	2.131600e-02	5.000000e-01	5.000000e-01	5.000000e-01	
54	2.191600e-02	5.000000e-01	5.000000e-01	5.000000e-01	

Index   time            m.xsc7.msky130_ m.xsc7.msky130_ m.xsc7.msky130_ 
--------------------------------------------------------------------------------
55	2.210000e-02	5.000000e-01	5.000000e-01	5.000000e-01	
56	2.211000e-02	5.000000e-01	5.000000e-01	5.000000e-01	
57	2.213000e-02	5.000000e-01	5.000000e-01	5.000000e-01	
58	2.217000e-02	5.000000e-01	5.000000e-01	5.000000e-01	
59	2.220000e-02	5.000000e-01	5.000000e-01	5.000000e-01	
60	2.220800e-02	5.000000e-01	5.000000e-01	5.000000e-01	
61	2.222400e-02	5.000000e-01	5.000000e-01	5.000000e-01	
62	2.225600e-02	5.000000e-01	5.000000e-01	5.000000e-01	
63	2.232000e-02	5.000000e-01	5.000000e-01	5.000000e-01	
64	2.244800e-02	5.000000e-01	5.000000e-01	5.000000e-01	
65	2.270400e-02	5.000000e-01	5.000000e-01	5.000000e-01	
66	2.321600e-02	5.000000e-01	5.000000e-01	5.000000e-01	
67	2.381600e-02	5.000000e-01	5.000000e-01	5.000000e-01	
68	2.441600e-02	5.000000e-01	5.000000e-01	5.000000e-01	
69	2.501600e-02	5.000000e-01	5.000000e-01	5.000000e-01	
70	2.561600e-02	5.000000e-01	5.000000e-01	5.000000e-01	
71	2.621600e-02	5.000000e-01	5.000000e-01	5.000000e-01	
72	2.681600e-02	5.000000e-01	5.000000e-01	5.000000e-01	
73	2.741600e-02	5.000000e-01	5.000000e-01	5.000000e-01	
74	2.801600e-02	5.000000e-01	5.000000e-01	5.000000e-01	
75	2.861600e-02	5.000000e-01	5.000000e-01	5.000000e-01	
76	2.921600e-02	5.000000e-01	5.000000e-01	5.000000e-01	
77	2.950000e-02	5.000000e-01	5.000000e-01	5.000000e-01	
78	2.951000e-02	5.000000e-01	5.000000e-01	5.000000e-01	
79	2.953000e-02	5.000000e-01	5.000000e-01	5.000000e-01	
80	2.957000e-02	5.000000e-01	5.000000e-01	5.000000e-01	
81	2.960000e-02	5.000000e-01	5.000000e-01	5.000000e-01	
82	2.960800e-02	5.000000e-01	5.000000e-01	5.000000e-01	
83	2.962400e-02	5.000000e-01	5.000000e-01	5.000000e-01	
84	2.965600e-02	5.000000e-01	5.000000e-01	5.000000e-01	
85	2.972000e-02	5.000000e-01	5.000000e-01	5.000000e-01	
86	2.984800e-02	5.000000e-01	5.000000e-01	5.000000e-01	
87	3.000000e-02	5.000000e-01	5.000000e-01	5.000000e-01	

                  * c:\users\sreev\esim-workspace2\por\por.cir
                  Transient Analysis  Fri Nov 08 16:17:22  2024
--------------------------------------------------------------------------------
Index   time            m.xsc8.msky130_ m.xsc8.msky130_ m.xsc8.msky130_ 
--------------------------------------------------------------------------------
0	0.000000e+00	8.058269e-18	2.014567e-17	4.029135e-18	
1	3.000000e-06	8.058269e-18	2.014567e-17	4.029135e-18	
2	6.000000e-06	8.058269e-18	2.014567e-17	4.029135e-18	
3	1.200000e-05	8.058269e-18	2.014567e-17	4.029135e-18	
4	2.400000e-05	8.058269e-18	2.014567e-17	4.029135e-18	
5	4.800000e-05	8.058269e-18	2.014567e-17	4.029135e-18	
6	9.600000e-05	8.058269e-18	2.014567e-17	4.029135e-18	
7	1.920000e-04	8.058269e-18	2.014567e-17	4.029135e-18	
8	3.840000e-04	8.058269e-18	2.014567e-17	4.029135e-18	
9	7.680000e-04	8.058269e-18	2.014567e-17	4.029135e-18	
10	1.368000e-03	8.058269e-18	2.014567e-17	4.029135e-18	
11	1.968000e-03	8.058269e-18	2.014567e-17	4.029135e-18	
12	2.568000e-03	8.058269e-18	2.014567e-17	4.029135e-18	
13	3.168000e-03	8.058269e-18	2.014567e-17	4.029135e-18	
14	3.768000e-03	8.058269e-18	2.014567e-17	4.029135e-18	
15	4.368000e-03	8.058269e-18	2.014567e-17	4.029135e-18	
16	4.968000e-03	8.058269e-18	2.014567e-17	4.029135e-18	
17	5.568000e-03	8.058269e-18	2.014567e-17	4.029135e-18	
18	6.168000e-03	8.058269e-18	2.014567e-17	4.029135e-18	
19	6.768000e-03	8.058269e-18	2.014567e-17	4.029135e-18	
20	7.000000e-03	8.058269e-18	2.014567e-17	4.029135e-18	
21	7.010000e-03	1.085564e-14	7.533114e-15	5.427818e-15	
22	7.030000e-03	-1.23781e-14	-8.36332e-15	-6.18904e-15	
23	7.070000e-03	2.450806e-14	1.706671e-14	1.225403e-14	
24	7.100000e-03	7.689767e-14	5.424763e-14	3.844884e-14	
25	7.108000e-03	-2.31106e-13	-1.57630e-13	-1.15553e-13	
26	7.124000e-03	2.269172e-13	1.552093e-13	1.134586e-13	
27	7.156000e-03	-2.27829e-13	-1.55559e-13	-1.13915e-13	
28	7.220000e-03	2.265993e-13	1.549149e-13	1.132996e-13	
29	7.348000e-03	-2.26507e-13	-1.54822e-13	-1.13253e-13	
30	7.604000e-03	2.264846e-13	1.548365e-13	1.132423e-13	
31	8.116000e-03	-2.26449e-13	-1.54783e-13	-1.13225e-13	
32	8.716000e-03	2.264492e-13	1.548123e-13	1.132246e-13	
33	9.316000e-03	-2.26417e-13	-1.54761e-13	-1.13208e-13	
34	9.916000e-03	2.264166e-13	1.547900e-13	1.132083e-13	
35	1.051600e-02	-2.26384e-13	-1.54739e-13	-1.13192e-13	
36	1.111600e-02	2.263840e-13	1.547677e-13	1.131920e-13	
37	1.171600e-02	-2.26352e-13	-1.54716e-13	-1.13176e-13	
38	1.231600e-02	2.263514e-13	1.547454e-13	1.131757e-13	
39	1.291600e-02	-2.26319e-13	-1.54694e-13	-1.13159e-13	
40	1.351600e-02	2.263188e-13	1.547231e-13	1.131594e-13	
41	1.411600e-02	-2.26286e-13	-1.54672e-13	-1.13143e-13	
42	1.471600e-02	2.262862e-13	1.547008e-13	1.131431e-13	
43	1.531600e-02	-2.26254e-13	-1.54649e-13	-1.13127e-13	
44	1.591600e-02	2.262536e-13	1.546786e-13	1.131268e-13	
45	1.651600e-02	-2.26221e-13	-1.54627e-13	-1.13111e-13	
46	1.711600e-02	2.262210e-13	1.546563e-13	1.131105e-13	
47	1.771600e-02	-2.26189e-13	-1.54605e-13	-1.13094e-13	
48	1.831600e-02	2.261884e-13	1.546340e-13	1.130942e-13	
49	1.891600e-02	-2.26156e-13	-1.54583e-13	-1.13078e-13	
50	1.951600e-02	2.261559e-13	1.546118e-13	1.130779e-13	
51	2.011600e-02	-2.26123e-13	-1.54560e-13	-1.13062e-13	
52	2.071600e-02	2.261233e-13	1.545895e-13	1.130616e-13	
53	2.131600e-02	-2.26091e-13	-1.54538e-13	-1.13045e-13	
54	2.191600e-02	2.260907e-13	1.545673e-13	1.130454e-13	

Index   time            m.xsc8.msky130_ m.xsc8.msky130_ m.xsc8.msky130_ 
--------------------------------------------------------------------------------
55	2.210000e-02	-2.26022e-13	-1.54491e-13	-1.13011e-13	
56	2.211000e-02	-1.06134e-14	-2.87706e-14	-5.30670e-15	
57	2.213000e-02	1.567085e-14	4.493195e-14	7.835424e-15	
58	2.217000e-02	-1.40686e-14	-4.13069e-14	-7.03431e-15	
59	2.220000e-02	1.278884e-14	3.852190e-14	6.394419e-15	
60	2.220800e-02	3.302888e-15	5.552188e-15	1.651444e-15	
61	2.222400e-02	-3.24875e-15	-5.48591e-15	-1.62437e-15	
62	2.225600e-02	3.245880e-15	5.513220e-15	1.622940e-15	
63	2.232000e-02	-3.22028e-15	-5.46645e-15	-1.61014e-15	
64	2.244800e-02	3.231655e-15	5.503497e-15	1.615827e-15	
65	2.270400e-02	-3.21317e-15	-5.46159e-15	-1.60658e-15	
66	2.321600e-02	3.228100e-15	5.501067e-15	1.614050e-15	
67	2.381600e-02	-3.21097e-15	-5.46009e-15	-1.60549e-15	
68	2.441600e-02	3.226078e-15	5.499685e-15	1.613039e-15	
69	2.501600e-02	-3.20895e-15	-5.45870e-15	-1.60448e-15	
70	2.561600e-02	3.224057e-15	5.498303e-15	1.612028e-15	
71	2.621600e-02	-3.20693e-15	-5.45732e-15	-1.60346e-15	
72	2.681600e-02	3.222035e-15	5.496922e-15	1.611018e-15	
73	2.741600e-02	-3.20491e-15	-5.45594e-15	-1.60245e-15	
74	2.801600e-02	3.220014e-15	5.495540e-15	1.610007e-15	
75	2.861600e-02	-3.20289e-15	-5.45456e-15	-1.60144e-15	
76	2.921600e-02	3.217993e-15	5.494159e-15	1.608996e-15	
77	2.950000e-02	-3.19974e-15	-5.45241e-15	-1.59987e-15	
78	2.951000e-02	1.084049e-14	7.522762e-15	5.420246e-15	
79	2.953000e-02	-1.23630e-14	-8.35299e-15	-6.18148e-15	
80	2.957000e-02	2.449294e-14	1.705637e-14	1.224647e-14	
81	2.960000e-02	7.691277e-14	5.425795e-14	3.845639e-14	
82	2.960800e-02	-2.31106e-13	-1.57630e-13	-1.15553e-13	
83	2.962400e-02	2.269172e-13	1.552093e-13	1.134586e-13	
84	2.965600e-02	-2.27829e-13	-1.55559e-13	-1.13915e-13	
85	2.972000e-02	2.265993e-13	1.549149e-13	1.132996e-13	
86	2.984800e-02	-2.26507e-13	-1.54822e-13	-1.13253e-13	
87	3.000000e-02	2.264584e-13	1.548186e-13	1.132292e-13	

                  * c:\users\sreev\esim-workspace2\por\por.cir
                  Transient Analysis  Fri Nov 08 16:17:22  2024
--------------------------------------------------------------------------------
Index   time            m.xsc9.msky130_ m.xsc9.msky130_ m.xsc9.msky130_ 
--------------------------------------------------------------------------------
0	0.000000e+00	5.000000e-01	5.000000e-01	5.000000e-01	
1	3.000000e-06	5.000000e-01	5.000000e-01	5.000000e-01	
2	6.000000e-06	5.000000e-01	5.000000e-01	5.000000e-01	
3	1.200000e-05	5.000000e-01	5.000000e-01	5.000000e-01	
4	2.400000e-05	5.000000e-01	5.000000e-01	5.000000e-01	
5	4.800000e-05	5.000000e-01	5.000000e-01	5.000000e-01	
6	9.600000e-05	5.000000e-01	5.000000e-01	5.000000e-01	
7	1.920000e-04	5.000000e-01	5.000000e-01	5.000000e-01	
8	3.840000e-04	5.000000e-01	5.000000e-01	5.000000e-01	
9	7.680000e-04	5.000000e-01	5.000000e-01	5.000000e-01	
10	1.368000e-03	5.000000e-01	5.000000e-01	5.000000e-01	
11	1.968000e-03	5.000000e-01	5.000000e-01	5.000000e-01	
12	2.568000e-03	5.000000e-01	5.000000e-01	5.000000e-01	
13	3.168000e-03	5.000000e-01	5.000000e-01	5.000000e-01	
14	3.768000e-03	5.000000e-01	5.000000e-01	5.000000e-01	
15	4.368000e-03	5.000000e-01	5.000000e-01	5.000000e-01	
16	4.968000e-03	5.000000e-01	5.000000e-01	5.000000e-01	
17	5.568000e-03	5.000000e-01	5.000000e-01	5.000000e-01	
18	6.168000e-03	5.000000e-01	5.000000e-01	5.000000e-01	
19	6.768000e-03	5.000000e-01	5.000000e-01	5.000000e-01	
20	7.000000e-03	5.000000e-01	5.000000e-01	5.000000e-01	
21	7.010000e-03	5.000000e-01	5.000000e-01	5.000000e-01	
22	7.030000e-03	5.000000e-01	5.000000e-01	5.000000e-01	
23	7.070000e-03	5.000000e-01	5.000000e-01	5.000000e-01	
24	7.100000e-03	5.000002e-01	5.000005e-01	5.000001e-01	
25	7.108000e-03	5.000002e-01	5.000005e-01	5.000001e-01	
26	7.124000e-03	5.000002e-01	5.000005e-01	5.000001e-01	
27	7.156000e-03	5.000002e-01	5.000005e-01	5.000001e-01	
28	7.220000e-03	5.000002e-01	5.000005e-01	5.000001e-01	
29	7.348000e-03	5.000002e-01	5.000005e-01	5.000001e-01	
30	7.604000e-03	5.000002e-01	5.000005e-01	5.000001e-01	
31	8.116000e-03	5.000002e-01	5.000005e-01	5.000001e-01	
32	8.716000e-03	5.000002e-01	5.000005e-01	5.000001e-01	
33	9.316000e-03	5.000002e-01	5.000005e-01	5.000001e-01	
34	9.916000e-03	5.000002e-01	5.000005e-01	5.000001e-01	
35	1.051600e-02	5.000002e-01	5.000005e-01	5.000001e-01	
36	1.111600e-02	5.000002e-01	5.000005e-01	5.000001e-01	
37	1.171600e-02	5.000002e-01	5.000005e-01	5.000001e-01	
38	1.231600e-02	5.000002e-01	5.000005e-01	5.000001e-01	
39	1.291600e-02	5.000002e-01	5.000005e-01	5.000001e-01	
40	1.351600e-02	5.000002e-01	5.000005e-01	5.000001e-01	
41	1.411600e-02	5.000002e-01	5.000005e-01	5.000001e-01	
42	1.471600e-02	5.000002e-01	5.000005e-01	5.000001e-01	
43	1.531600e-02	5.000002e-01	5.000005e-01	5.000001e-01	
44	1.591600e-02	5.000002e-01	5.000005e-01	5.000001e-01	
45	1.651600e-02	5.000002e-01	5.000005e-01	5.000001e-01	
46	1.711600e-02	5.000002e-01	5.000005e-01	5.000001e-01	
47	1.771600e-02	5.000002e-01	5.000005e-01	5.000001e-01	
48	1.831600e-02	5.000002e-01	5.000005e-01	5.000001e-01	
49	1.891600e-02	5.000002e-01	5.000005e-01	5.000001e-01	
50	1.951600e-02	5.000002e-01	5.000005e-01	5.000001e-01	
51	2.011600e-02	5.000002e-01	5.000005e-01	5.000001e-01	
52	2.071600e-02	5.000002e-01	5.000005e-01	5.000001e-01	
53	2.131600e-02	5.000002e-01	5.000005e-01	5.000001e-01	
54	2.191600e-02	5.000002e-01	5.000005e-01	5.000001e-01	

Index   time            m.xsc9.msky130_ m.xsc9.msky130_ m.xsc9.msky130_ 
--------------------------------------------------------------------------------
55	2.210000e-02	5.000002e-01	5.000005e-01	5.000001e-01	
56	2.211000e-02	5.000000e-01	5.000000e-01	5.000000e-01	
57	2.213000e-02	5.000000e-01	5.000000e-01	5.000000e-01	
58	2.217000e-02	5.000000e-01	5.000000e-01	5.000000e-01	
59	2.220000e-02	5.000000e-01	5.000000e-01	5.000000e-01	
60	2.220800e-02	5.000000e-01	5.000000e-01	5.000000e-01	
61	2.222400e-02	5.000000e-01	5.000000e-01	5.000000e-01	
62	2.225600e-02	5.000000e-01	5.000000e-01	5.000000e-01	
63	2.232000e-02	5.000000e-01	5.000000e-01	5.000000e-01	
64	2.244800e-02	5.000000e-01	5.000000e-01	5.000000e-01	
65	2.270400e-02	5.000000e-01	5.000000e-01	5.000000e-01	
66	2.321600e-02	5.000000e-01	5.000000e-01	5.000000e-01	
67	2.381600e-02	5.000000e-01	5.000000e-01	5.000000e-01	
68	2.441600e-02	5.000000e-01	5.000000e-01	5.000000e-01	
69	2.501600e-02	5.000000e-01	5.000000e-01	5.000000e-01	
70	2.561600e-02	5.000000e-01	5.000000e-01	5.000000e-01	
71	2.621600e-02	5.000000e-01	5.000000e-01	5.000000e-01	
72	2.681600e-02	5.000000e-01	5.000000e-01	5.000000e-01	
73	2.741600e-02	5.000000e-01	5.000000e-01	5.000000e-01	
74	2.801600e-02	5.000000e-01	5.000000e-01	5.000000e-01	
75	2.861600e-02	5.000000e-01	5.000000e-01	5.000000e-01	
76	2.921600e-02	5.000000e-01	5.000000e-01	5.000000e-01	
77	2.950000e-02	5.000000e-01	5.000000e-01	5.000000e-01	
78	2.951000e-02	5.000000e-01	5.000000e-01	5.000000e-01	
79	2.953000e-02	5.000000e-01	5.000000e-01	5.000000e-01	
80	2.957000e-02	5.000000e-01	5.000000e-01	5.000000e-01	
81	2.960000e-02	5.000002e-01	5.000005e-01	5.000001e-01	
82	2.960800e-02	5.000002e-01	5.000005e-01	5.000001e-01	
83	2.962400e-02	5.000002e-01	5.000005e-01	5.000001e-01	
84	2.965600e-02	5.000002e-01	5.000005e-01	5.000001e-01	
85	2.972000e-02	5.000002e-01	5.000005e-01	5.000001e-01	
86	2.984800e-02	5.000002e-01	5.000005e-01	5.000001e-01	
87	3.000000e-02	5.000002e-01	5.000005e-01	5.000001e-01	

                  * c:\users\sreev\esim-workspace2\por\por.cir
                  Transient Analysis  Fri Nov 08 16:17:22  2024
--------------------------------------------------------------------------------
Index   time            m.xsc10.msky130 m.xsc10.msky130 m.xsc10.msky130 
--------------------------------------------------------------------------------
0	0.000000e+00	-2.01279e-117	-2.89086e-117	-3.14752e-117	
1	3.000000e-06	-1.35716e-26	-6.78578e-27	-6.78578e-27	
2	6.000000e-06	-4.25859e-26	-2.12929e-26	-2.12929e-26	
3	1.200000e-05	5.216264e-26	2.608132e-26	2.608132e-26	
4	2.400000e-05	6.058846e-26	3.029423e-26	3.029423e-26	
5	4.800000e-05	7.195989e-27	3.597995e-27	3.597995e-27	
6	9.600000e-05	-1.50574e-27	-7.52869e-28	-7.52869e-28	
7	1.920000e-04	-1.09001e-27	-5.45004e-28	-5.45004e-28	
8	3.840000e-04	-2.18322e-27	-1.09161e-27	-1.09161e-27	
9	7.680000e-04	-3.08575e-27	-1.54288e-27	-1.54288e-27	
10	1.368000e-03	-3.03073e-27	-1.51536e-27	-1.51536e-27	
11	1.968000e-03	-1.90134e-27	-9.50670e-28	-9.50670e-28	
12	2.568000e-03	3.410267e-26	1.705133e-26	1.705133e-26	
13	3.168000e-03	-3.35961e-26	-1.67980e-26	-1.67980e-26	
14	3.768000e-03	3.350449e-26	1.675224e-26	1.675224e-26	
15	4.368000e-03	-3.07844e-26	-1.53922e-26	-1.53922e-26	
16	4.968000e-03	3.207229e-26	1.603614e-26	1.603614e-26	
17	5.568000e-03	-3.19046e-26	-1.59523e-26	-1.59523e-26	
18	6.168000e-03	3.327560e-26	1.663780e-26	1.663780e-26	
19	6.768000e-03	-3.25638e-26	-1.62819e-26	-1.62819e-26	
20	7.000000e-03	3.428503e-26	1.714251e-26	1.714251e-26	
21	7.010000e-03	3.292513e-11	7.641150e-11	1.646257e-11	
22	7.030000e-03	2.369432e-11	6.488954e-11	1.184716e-11	
23	7.070000e-03	3.181251e-11	7.382407e-11	1.590625e-11	
24	7.100000e-03	2.569839e-11	6.965253e-11	1.284920e-11	
25	7.108000e-03	1.228537e-11	3.139268e-11	6.142684e-12	
26	7.124000e-03	1.296251e-11	3.173125e-11	6.481254e-12	
27	7.156000e-03	1.228860e-11	3.139430e-11	6.144302e-12	
28	7.220000e-03	1.296117e-11	3.173058e-11	6.480585e-12	
29	7.348000e-03	1.228894e-11	3.139447e-11	6.144472e-12	
30	7.604000e-03	1.296100e-11	3.173050e-11	6.480500e-12	
31	8.116000e-03	1.228903e-11	3.139451e-11	6.144515e-12	
32	8.716000e-03	1.296095e-11	3.173047e-11	6.480473e-12	
33	9.316000e-03	1.228908e-11	3.139454e-11	6.144539e-12	
34	9.916000e-03	1.296090e-11	3.173045e-11	6.480449e-12	
35	1.051600e-02	1.228913e-11	3.139456e-11	6.144563e-12	
36	1.111600e-02	1.296085e-11	3.173043e-11	6.480425e-12	
37	1.171600e-02	1.228917e-11	3.139459e-11	6.144587e-12	
38	1.231600e-02	1.296080e-11	3.173040e-11	6.480401e-12	
39	1.291600e-02	1.228922e-11	3.139461e-11	6.144611e-12	
40	1.351600e-02	1.296075e-11	3.173038e-11	6.480377e-12	
41	1.411600e-02	1.228927e-11	3.139464e-11	6.144636e-12	
42	1.471600e-02	1.296071e-11	3.173035e-11	6.480353e-12	
43	1.531600e-02	1.228932e-11	3.139466e-11	6.144660e-12	
44	1.591600e-02	1.296066e-11	3.173033e-11	6.480328e-12	
45	1.651600e-02	1.228937e-11	3.139468e-11	6.144684e-12	
46	1.711600e-02	1.296061e-11	3.173030e-11	6.480304e-12	
47	1.771600e-02	1.228942e-11	3.139471e-11	6.144708e-12	
48	1.831600e-02	1.296056e-11	3.173028e-11	6.480280e-12	
49	1.891600e-02	1.228946e-11	3.139473e-11	6.144732e-12	
50	1.951600e-02	1.296051e-11	3.173026e-11	6.480256e-12	
51	2.011600e-02	1.228951e-11	3.139476e-11	6.144756e-12	
52	2.071600e-02	1.296046e-11	3.173023e-11	6.480232e-12	
53	2.131600e-02	1.228956e-11	3.139478e-11	6.144781e-12	
54	2.191600e-02	1.296042e-11	3.173021e-11	6.480208e-12	

Index   time            m.xsc10.msky130 m.xsc10.msky130 m.xsc10.msky130 
--------------------------------------------------------------------------------
55	2.210000e-02	1.228966e-11	3.139483e-11	6.144832e-12	
56	2.211000e-02	-5.98373e-12	-1.45377e-11	-2.99187e-12	
57	2.213000e-02	-1.02635e-11	-2.63718e-11	-5.13175e-12	
58	2.217000e-02	-1.96950e-11	-4.85677e-11	-9.84752e-12	
59	2.220000e-02	-3.17276e-11	-7.58706e-11	-1.58638e-11	
60	2.220800e-02	3.640429e-14	1.820209e-14	1.820213e-14	
61	2.222400e-02	-3.63482e-14	-1.81740e-14	-1.81741e-14	
62	2.225600e-02	3.632013e-14	1.816001e-14	1.816005e-14	
63	2.232000e-02	-3.63061e-14	-1.81530e-14	-1.81531e-14	
64	2.244800e-02	3.629913e-14	1.814951e-14	1.814955e-14	
65	2.270400e-02	-3.62956e-14	-1.81478e-14	-1.81478e-14	
66	2.321600e-02	3.629389e-14	1.814689e-14	1.814693e-14	
67	2.381600e-02	-3.62924e-14	-1.81461e-14	-1.81462e-14	
68	2.441600e-02	3.629090e-14	1.814539e-14	1.814544e-14	
69	2.501600e-02	-3.62894e-14	-1.81446e-14	-1.81447e-14	
70	2.561600e-02	3.628792e-14	1.814390e-14	1.814395e-14	
71	2.621600e-02	-3.62864e-14	-1.81432e-14	-1.81432e-14	
72	2.681600e-02	3.628493e-14	1.814241e-14	1.814245e-14	
73	2.741600e-02	-3.62834e-14	-1.81417e-14	-1.81417e-14	
74	2.801600e-02	3.628195e-14	1.814092e-14	1.814096e-14	
75	2.861600e-02	-3.62805e-14	-1.81402e-14	-1.81402e-14	
76	2.921600e-02	3.627896e-14	1.813943e-14	1.813947e-14	
77	2.950000e-02	-3.62758e-14	-1.81378e-14	-1.81379e-14	
78	2.951000e-02	3.292511e-11	7.641149e-11	1.646255e-11	
79	2.953000e-02	2.369434e-11	6.488955e-11	1.184717e-11	
80	2.957000e-02	3.181249e-11	7.382406e-11	1.590624e-11	
81	2.960000e-02	2.569841e-11	6.965255e-11	1.284921e-11	
82	2.960800e-02	1.228537e-11	3.139268e-11	6.142684e-12	
83	2.962400e-02	1.296251e-11	3.173125e-11	6.481254e-12	
84	2.965600e-02	1.228860e-11	3.139430e-11	6.144302e-12	
85	2.972000e-02	1.296117e-11	3.173058e-11	6.480585e-12	
86	2.984800e-02	1.228894e-11	3.139447e-11	6.144472e-12	
87	3.000000e-02	1.296096e-11	3.173048e-11	6.480480e-12	

                  * c:\users\sreev\esim-workspace2\por\por.cir
                  Transient Analysis  Fri Nov 08 16:17:22  2024
--------------------------------------------------------------------------------
Index   time            net-_sc1-pad1_  net-_sc4-pad1_  net-_sc5-pad1_  
--------------------------------------------------------------------------------
0	0.000000e+00	4.984971e-01	7.977790e-03	2.394190e-01	
1	3.000000e-06	4.984960e-01	7.977790e-03	2.394190e-01	
2	6.000000e-06	4.984954e-01	7.977790e-03	2.394190e-01	
3	1.200000e-05	4.984947e-01	7.977790e-03	2.394190e-01	
4	2.400000e-05	4.984945e-01	7.977790e-03	2.394190e-01	
5	4.800000e-05	4.984946e-01	7.977790e-03	2.394190e-01	
6	9.600000e-05	4.984946e-01	7.977790e-03	2.394190e-01	
7	1.920000e-04	4.984946e-01	7.977789e-03	2.394190e-01	
8	3.840000e-04	4.984946e-01	7.977789e-03	2.394190e-01	
9	7.680000e-04	4.984946e-01	7.977789e-03	2.394190e-01	
10	1.368000e-03	4.984946e-01	7.977788e-03	2.394190e-01	
11	1.968000e-03	4.984946e-01	7.977788e-03	2.394190e-01	
12	2.568000e-03	4.984946e-01	7.977788e-03	2.394190e-01	
13	3.168000e-03	4.984946e-01	7.977788e-03	2.394190e-01	
14	3.768000e-03	4.984946e-01	7.977788e-03	2.394190e-01	
15	4.368000e-03	4.984946e-01	7.977788e-03	2.394190e-01	
16	4.968000e-03	4.984946e-01	7.977788e-03	2.394190e-01	
17	5.568000e-03	4.984946e-01	7.977788e-03	2.394190e-01	
18	6.168000e-03	4.984946e-01	7.977788e-03	2.394190e-01	
19	6.768000e-03	4.984946e-01	7.977788e-03	2.394190e-01	
20	7.000000e-03	4.984946e-01	7.977788e-03	2.394190e-01	
21	7.010000e-03	5.146063e-01	7.977897e-03	2.394191e-01	
22	7.030000e-03	5.288212e-01	7.978252e-03	2.394191e-01	
23	7.070000e-03	5.415373e-01	7.979399e-03	2.394193e-01	
24	7.100000e-03	5.450366e-01	7.980456e-03	2.394200e-01	
25	7.108000e-03	5.371111e-01	7.980661e-03	2.394192e-01	
26	7.124000e-03	5.217716e-01	7.981036e-03	2.394192e-01	
27	7.156000e-03	4.946024e-01	7.981220e-03	2.394192e-01	
28	7.220000e-03	4.528956e-01	7.979794e-03	2.394191e-01	
29	7.348000e-03	3.887513e-01	7.971828e-03	2.394187e-01	
30	7.604000e-03	3.111234e-01	7.944660e-03	2.394181e-01	
31	8.116000e-03	2.526775e-01	7.885678e-03	2.394205e-01	
32	8.716000e-03	2.419868e-01	7.831859e-03	2.394288e-01	
33	9.316000e-03	2.412900e-01	7.795795e-03	2.394401e-01	
34	9.916000e-03	2.412832e-01	7.775271e-03	2.394521e-01	
35	1.051600e-02	2.412787e-01	7.764357e-03	2.394631e-01	
36	1.111600e-02	2.412756e-01	7.758531e-03	2.394725e-01	
37	1.171600e-02	2.412739e-01	7.755394e-03	2.394801e-01	
38	1.231600e-02	2.412730e-01	7.753685e-03	2.394862e-01	
39	1.291600e-02	2.412725e-01	7.752739e-03	2.394910e-01	
40	1.351600e-02	2.412722e-01	7.752205e-03	2.394946e-01	
41	1.411600e-02	2.412720e-01	7.751895e-03	2.394975e-01	
42	1.471600e-02	2.412719e-01	7.751711e-03	2.394997e-01	
43	1.531600e-02	2.412719e-01	7.751597e-03	2.395013e-01	
44	1.591600e-02	2.412718e-01	7.751524e-03	2.395026e-01	
45	1.651600e-02	2.412718e-01	7.751476e-03	2.395036e-01	
46	1.711600e-02	2.412718e-01	7.751443e-03	2.395043e-01	
47	1.771600e-02	2.412718e-01	7.751420e-03	2.395049e-01	
48	1.831600e-02	2.412718e-01	7.751404e-03	2.395053e-01	
49	1.891600e-02	2.412718e-01	7.751392e-03	2.395056e-01	
50	1.951600e-02	2.412718e-01	7.751383e-03	2.395059e-01	
51	2.011600e-02	2.412718e-01	7.751377e-03	2.395061e-01	
52	2.071600e-02	2.412718e-01	7.751372e-03	2.395062e-01	
53	2.131600e-02	2.412718e-01	7.751368e-03	2.395063e-01	
54	2.191600e-02	2.412718e-01	7.751365e-03	2.395064e-01	

Index   time            net-_sc1-pad1_  net-_sc4-pad1_  net-_sc5-pad1_  
--------------------------------------------------------------------------------
55	2.210000e-02	2.412718e-01	7.751365e-03	2.395064e-01	
56	2.211000e-02	2.319732e-01	7.751365e-03	2.395058e-01	
57	2.213000e-02	2.137246e-01	7.751277e-03	2.395062e-01	
58	2.217000e-02	1.776669e-01	7.750066e-03	2.395063e-01	
59	2.220000e-02	3.372125e-01	7.748370e-03	2.395062e-01	
60	2.220800e-02	4.355159e-01	7.747716e-03	2.395062e-01	
61	2.222400e-02	5.029153e-01	7.749193e-03	2.395063e-01	
62	2.225600e-02	4.954048e-01	7.756688e-03	2.395068e-01	
63	2.232000e-02	5.009844e-01	7.770867e-03	2.395074e-01	
64	2.244800e-02	4.962471e-01	7.796622e-03	2.395080e-01	
65	2.270400e-02	5.008156e-01	7.838978e-03	2.395072e-01	
66	2.321600e-02	4.964579e-01	7.896952e-03	2.395004e-01	
67	2.381600e-02	5.005358e-01	7.934860e-03	2.394883e-01	
68	2.441600e-02	4.964514e-01	7.954796e-03	2.394755e-01	
69	2.501600e-02	5.004286e-01	7.965295e-03	2.394640e-01	
70	2.561600e-02	4.965500e-01	7.970907e-03	2.394542e-01	
71	2.621600e-02	5.003352e-01	7.973892e-03	2.394463e-01	
72	2.681600e-02	4.966445e-01	7.975542e-03	2.394400e-01	
73	2.741600e-02	5.002454e-01	7.976428e-03	2.394351e-01	
74	2.801600e-02	4.967358e-01	7.976955e-03	2.394313e-01	
75	2.861600e-02	5.001588e-01	7.977235e-03	2.394284e-01	
76	2.921600e-02	4.968241e-01	7.977429e-03	2.394262e-01	
77	2.950000e-02	5.003278e-01	7.977502e-03	2.394253e-01	
78	2.951000e-02	5.166063e-01	7.977629e-03	2.394254e-01	
79	2.953000e-02	5.296088e-01	7.978012e-03	2.394253e-01	
80	2.957000e-02	5.422650e-01	7.979188e-03	2.394254e-01	
81	2.960000e-02	5.456407e-01	7.980264e-03	2.394260e-01	
82	2.960800e-02	5.376945e-01	7.980474e-03	2.394252e-01	
83	2.962400e-02	5.223168e-01	7.980857e-03	2.394251e-01	
84	2.965600e-02	4.950225e-01	7.981056e-03	2.394250e-01	
85	2.972000e-02	4.532436e-01	7.979654e-03	2.394247e-01	
86	2.984800e-02	3.889936e-01	7.971723e-03	2.394240e-01	
87	3.000000e-02	3.373191e-01	7.956445e-03	2.394232e-01	

                  * c:\users\sreev\esim-workspace2\por\por.cir
                  Transient Analysis  Fri Nov 08 16:17:22  2024
--------------------------------------------------------------------------------
Index   time            net-_sc8-pad1_  rstn            sky130_fd_pr__e 
--------------------------------------------------------------------------------
0	0.000000e+00	4.962502e-07	0.000000e+00	0.000000e+00	
1	3.000000e-06	4.962502e-07	0.000000e+00	0.000000e+00	
2	6.000000e-06	4.962502e-07	0.000000e+00	0.000000e+00	
3	1.200000e-05	4.962502e-07	0.000000e+00	0.000000e+00	
4	2.400000e-05	4.962502e-07	0.000000e+00	0.000000e+00	
5	4.800000e-05	4.962502e-07	0.000000e+00	0.000000e+00	
6	9.600000e-05	4.962502e-07	0.000000e+00	0.000000e+00	
7	1.920000e-04	4.962502e-07	0.000000e+00	0.000000e+00	
8	3.840000e-04	4.962502e-07	0.000000e+00	0.000000e+00	
9	7.680000e-04	4.962502e-07	0.000000e+00	0.000000e+00	
10	1.368000e-03	4.962502e-07	0.000000e+00	0.000000e+00	
11	1.968000e-03	4.962502e-07	0.000000e+00	0.000000e+00	
12	2.568000e-03	4.962502e-07	0.000000e+00	0.000000e+00	
13	3.168000e-03	4.962502e-07	0.000000e+00	0.000000e+00	
14	3.768000e-03	4.962502e-07	0.000000e+00	0.000000e+00	
15	4.368000e-03	4.962502e-07	0.000000e+00	0.000000e+00	
16	4.968000e-03	4.962502e-07	0.000000e+00	0.000000e+00	
17	5.568000e-03	4.962502e-07	0.000000e+00	0.000000e+00	
18	6.168000e-03	4.962502e-07	0.000000e+00	0.000000e+00	
19	6.768000e-03	4.962502e-07	0.000000e+00	0.000000e+00	
20	7.000000e-03	4.962502e-07	0.000000e+00	0.000000e+00	
21	7.010000e-03	3.822666e-06	1.000000e-01	0.000000e+00	
22	7.030000e-03	3.317463e-06	3.000000e-01	0.000000e+00	
23	7.070000e-03	1.065366e-05	7.000000e-01	0.000000e+00	
24	7.100000e-03	5.702954e-05	1.000000e+00	0.000000e+00	
25	7.108000e-03	5.724968e-07	1.000000e+00	0.000000e+00	
26	7.124000e-03	2.137602e-07	1.000000e+00	0.000000e+00	
27	7.156000e-03	5.717635e-07	1.000000e+00	0.000000e+00	
28	7.220000e-03	4.208170e-07	1.000000e+00	0.000000e+00	
29	7.348000e-03	5.716469e-07	1.000000e+00	0.000000e+00	
30	7.604000e-03	4.208617e-07	1.000000e+00	0.000000e+00	
31	8.116000e-03	5.716285e-07	1.000000e+00	0.000000e+00	
32	8.716000e-03	4.208734e-07	1.000000e+00	0.000000e+00	
33	9.316000e-03	5.716149e-07	1.000000e+00	0.000000e+00	
34	9.916000e-03	4.208788e-07	1.000000e+00	0.000000e+00	
35	1.051600e-02	5.715980e-07	1.000000e+00	0.000000e+00	
36	1.111600e-02	4.208840e-07	1.000000e+00	0.000000e+00	
37	1.171600e-02	5.715824e-07	1.000000e+00	0.000000e+00	
38	1.231600e-02	4.208910e-07	1.000000e+00	0.000000e+00	
39	1.291600e-02	5.715685e-07	1.000000e+00	0.000000e+00	
40	1.351600e-02	4.208994e-07	1.000000e+00	0.000000e+00	
41	1.411600e-02	5.715558e-07	1.000000e+00	0.000000e+00	
42	1.471600e-02	4.209088e-07	1.000000e+00	0.000000e+00	
43	1.531600e-02	5.715438e-07	1.000000e+00	0.000000e+00	
44	1.591600e-02	4.209188e-07	1.000000e+00	0.000000e+00	
45	1.651600e-02	5.715323e-07	1.000000e+00	0.000000e+00	
46	1.711600e-02	4.209292e-07	1.000000e+00	0.000000e+00	
47	1.771600e-02	5.715211e-07	1.000000e+00	0.000000e+00	
48	1.831600e-02	4.209397e-07	1.000000e+00	0.000000e+00	
49	1.891600e-02	5.715100e-07	1.000000e+00	0.000000e+00	
50	1.951600e-02	4.209504e-07	1.000000e+00	0.000000e+00	
51	2.011600e-02	5.714991e-07	1.000000e+00	0.000000e+00	
52	2.071600e-02	4.209612e-07	1.000000e+00	0.000000e+00	
53	2.131600e-02	5.714882e-07	1.000000e+00	0.000000e+00	
54	2.191600e-02	4.209719e-07	1.000000e+00	0.000000e+00	

Index   time            net-_sc8-pad1_  rstn            sky130_fd_pr__e 
--------------------------------------------------------------------------------
55	2.210000e-02	5.714656e-07	1.000000e+00	0.000000e+00	
56	2.211000e-02	-4.31218e-05	9.000000e-01	0.000000e+00	
57	2.213000e-02	-1.24847e-05	7.000000e-01	0.000000e+00	
58	2.217000e-02	2.399037e-07	3.000000e-01	0.000000e+00	
59	2.220000e-02	-5.58826e-06	0.000000e+00	0.000000e+00	
60	2.220800e-02	4.915369e-07	0.000000e+00	0.000000e+00	
61	2.222400e-02	5.009118e-07	0.000000e+00	0.000000e+00	
62	2.225600e-02	4.915513e-07	0.000000e+00	0.000000e+00	
63	2.232000e-02	5.009044e-07	0.000000e+00	0.000000e+00	
64	2.244800e-02	4.915534e-07	0.000000e+00	0.000000e+00	
65	2.270400e-02	5.009014e-07	0.000000e+00	0.000000e+00	
66	2.321600e-02	4.915544e-07	0.000000e+00	0.000000e+00	
67	2.381600e-02	5.009044e-07	0.000000e+00	0.000000e+00	
68	2.441600e-02	4.915610e-07	0.000000e+00	0.000000e+00	
69	2.501600e-02	5.009104e-07	0.000000e+00	0.000000e+00	
70	2.561600e-02	4.915673e-07	0.000000e+00	0.000000e+00	
71	2.621600e-02	5.009149e-07	0.000000e+00	0.000000e+00	
72	2.681600e-02	4.915718e-07	0.000000e+00	0.000000e+00	
73	2.741600e-02	5.009176e-07	0.000000e+00	0.000000e+00	
74	2.801600e-02	4.915748e-07	0.000000e+00	0.000000e+00	
75	2.861600e-02	5.009191e-07	0.000000e+00	0.000000e+00	
76	2.921600e-02	4.915767e-07	0.000000e+00	0.000000e+00	
77	2.950000e-02	5.009192e-07	0.000000e+00	0.000000e+00	
78	2.951000e-02	3.822667e-06	1.000000e-01	0.000000e+00	
79	2.953000e-02	3.317459e-06	3.000000e-01	0.000000e+00	
80	2.957000e-02	1.065366e-05	7.000000e-01	0.000000e+00	
81	2.960000e-02	5.702954e-05	1.000000e+00	0.000000e+00	
82	2.960800e-02	5.724951e-07	1.000000e+00	0.000000e+00	
83	2.962400e-02	2.137585e-07	1.000000e+00	0.000000e+00	
84	2.965600e-02	5.717617e-07	1.000000e+00	0.000000e+00	
85	2.972000e-02	4.208154e-07	1.000000e+00	0.000000e+00	
86	2.984800e-02	5.716454e-07	1.000000e+00	0.000000e+00	
87	3.000000e-02	4.208698e-07	1.000000e+00	0.000000e+00	

                  * c:\users\sreev\esim-workspace2\por\por.cir
                  Transient Analysis  Fri Nov 08 16:17:22  2024
--------------------------------------------------------------------------------
Index   time            vdd             
--------------------------------------------------------------------------------
0	0.000000e+00	5.000000e-01	
1	3.000000e-06	5.000000e-01	
2	6.000000e-06	5.000000e-01	
3	1.200000e-05	5.000000e-01	
4	2.400000e-05	5.000000e-01	
5	4.800000e-05	5.000000e-01	
6	9.600000e-05	5.000000e-01	
7	1.920000e-04	5.000000e-01	
8	3.840000e-04	5.000000e-01	
9	7.680000e-04	5.000000e-01	
10	1.368000e-03	5.000000e-01	
11	1.968000e-03	5.000000e-01	
12	2.568000e-03	5.000000e-01	
13	3.168000e-03	5.000000e-01	
14	3.768000e-03	5.000000e-01	
15	4.368000e-03	5.000000e-01	
16	4.968000e-03	5.000000e-01	
17	5.568000e-03	5.000000e-01	
18	6.168000e-03	5.000000e-01	
19	6.768000e-03	5.000000e-01	
20	7.000000e-03	5.000000e-01	
21	7.010000e-03	5.000000e-01	
22	7.030000e-03	5.000000e-01	
23	7.070000e-03	5.000000e-01	
24	7.100000e-03	5.000000e-01	
25	7.108000e-03	5.000000e-01	
26	7.124000e-03	5.000000e-01	
27	7.156000e-03	5.000000e-01	
28	7.220000e-03	5.000000e-01	
29	7.348000e-03	5.000000e-01	
30	7.604000e-03	5.000000e-01	
31	8.116000e-03	5.000000e-01	
32	8.716000e-03	5.000000e-01	
33	9.316000e-03	5.000000e-01	
34	9.916000e-03	5.000000e-01	
35	1.051600e-02	5.000000e-01	
36	1.111600e-02	5.000000e-01	
37	1.171600e-02	5.000000e-01	
38	1.231600e-02	5.000000e-01	
39	1.291600e-02	5.000000e-01	
40	1.351600e-02	5.000000e-01	
41	1.411600e-02	5.000000e-01	
42	1.471600e-02	5.000000e-01	
43	1.531600e-02	5.000000e-01	
44	1.591600e-02	5.000000e-01	
45	1.651600e-02	5.000000e-01	
46	1.711600e-02	5.000000e-01	
47	1.771600e-02	5.000000e-01	
48	1.831600e-02	5.000000e-01	
49	1.891600e-02	5.000000e-01	
50	1.951600e-02	5.000000e-01	
51	2.011600e-02	5.000000e-01	
52	2.071600e-02	5.000000e-01	
53	2.131600e-02	5.000000e-01	
54	2.191600e-02	5.000000e-01	

Index   time            vdd             
--------------------------------------------------------------------------------
55	2.210000e-02	5.000000e-01	
56	2.211000e-02	5.000000e-01	
57	2.213000e-02	5.000000e-01	
58	2.217000e-02	5.000000e-01	
59	2.220000e-02	5.000000e-01	
60	2.220800e-02	5.000000e-01	
61	2.222400e-02	5.000000e-01	
62	2.225600e-02	5.000000e-01	
63	2.232000e-02	5.000000e-01	
64	2.244800e-02	5.000000e-01	
65	2.270400e-02	5.000000e-01	
66	2.321600e-02	5.000000e-01	
67	2.381600e-02	5.000000e-01	
68	2.441600e-02	5.000000e-01	
69	2.501600e-02	5.000000e-01	
70	2.561600e-02	5.000000e-01	
71	2.621600e-02	5.000000e-01	
72	2.681600e-02	5.000000e-01	
73	2.741600e-02	5.000000e-01	
74	2.801600e-02	5.000000e-01	
75	2.861600e-02	5.000000e-01	
76	2.921600e-02	5.000000e-01	
77	2.950000e-02	5.000000e-01	
78	2.951000e-02	5.000000e-01	
79	2.953000e-02	5.000000e-01	
80	2.957000e-02	5.000000e-01	
81	2.960000e-02	5.000000e-01	
82	2.960800e-02	5.000000e-01	
83	2.962400e-02	5.000000e-01	
84	2.965600e-02	5.000000e-01	
85	2.972000e-02	5.000000e-01	
86	2.984800e-02	5.000000e-01	
87	3.000000e-02	5.000000e-01	
